99999
000010306098708024195320-000039400000002002465103484231              
172376301620650132658213000034808004285002000120262239               
99999
000010206098708024195320-000036800000002432465102605241              
190420169529651374772889000026008008284602100050225076               
99999
000010306099708024195320-000041600000002452465103344231              
089245883826656458088230000004608018284304100030220074               
101434944432655496070198000047108021284304100100240657               
99999
000010306099708024195320-000041300000002412465105635211              
100580108620655555352125000056408021284304100100260037               
99999
000010306099708024195320-000033900000002132465105164241              
167961392292654821724129000045808023282404700070220985               
175157131957655220051965000056908023282404700090222073               
99999
000010306100708024195320-000036200000002172465104394111              
139429087901655306372075000032607990288302600080222586               
146765278068654963517662000052907990288302600060225207               
99999
000010206100708024195320-000033500000002332465103294061              
158992865898653743609001000033007987287902800100233307               
99999
000010306100708024195320-000026000000002542465103844081              
236913527914658684565440000038407983288502800130233909               
