99999
0000103091547080241953200000058900000002092465405394392              
157642031764554569398418000053908006290503700140250183               
99999
0000102091547080241953200000066200000001442465405224202              
171023204419556668800784000050508006290703500090230162               
178177384780557632551019000053908006290703500060230078               
99999
0000103091677080241953200000082600000001802465404224262              
438741149910549364126031000042207989293202200091240072               
99999
000010209167708024195320-000626100000000152465406074262              
453781733917546022328860000060707992293202200091230079               
99999
0000103091697080241953200000070100000001642465404241212              
415700554820478024388190000053407983291204700101220267               
424716538145475943391948000027307983291204700051220393               
99999
0000103091777080241953200000044200000001862465403791352              
087341666477398570806187000037908008295404500050229912               
99999
0000103091797080241953200000034400000001722465405632292              
095340677813459799418876000056308007295405000080279919               
