99999
000010305256708024195320-000057800000002102465102552181              
078301182445428530660814000015108017292806600030221458               
090585670356428140517859000032808017292806600070252490               
99999
000010305265708024195320-000069200000002072465101582231              
225604340691519257655314000021408028291504400050222359               
235061388057517768477523000006808028291504400060224182               
99999
000010305270708024195320-000077800000001822465102591271              
374797946863664590944171000025908049291504900070219924               
99999
000010305271708024195320-000067100000001932465103151151              
432733185828664780752077000031608018291004400040259989               
