99999
000010301337708024195320-000199800000001622465103404241              
286936914653443687053136000034008011283008500130223369               
99999
000010001337708024195320-000202600000002372465105725151              
299243525442442645373194000057208011283008300060211162               
99999
000010301338708024195320-000208100000001902465105174161              
284158058390434717646536000053507981285609500100240291               
292602250068433627148205000049907979285609500110221386               
99999
000010301338708024195320-000199600000001742465104024251              
438533711150432777398595000040207974285408700160240797               
99999
000010001338708024195320-000198400000002142465101582201              
454688402041434437819729000010707974285309200050228492               
462681589353435545918434000019707974285309200110229912               
99999
0000103013407845780153200015560700003000902764103441301              
047583535288430065856842000034408760281904500330221900               
99999
0000103013407845780153200015559400003001042764102541311              
059979746393428383715588000025408757282204300440222700               
99999
0000103013407845780153200015559300003001242764103291351              
086934547776425343850409000032908759281204700250222100               
99999
0000103013407845780153200015560500003001302764102171221              
094843368894424625066299000021708757281204700680226600               
99999
0000100013407845780153200015561900003001222764101781311              
100791964758423498129242000017808757281404600400229900               
99999
0000103013407845780153200015560100003001202764102331151              
108760300438423562893545000023308755281704501000229100               
99999
0000103013407845780153200015561400003001262764102211221              
120248831889422887000229000022108755281904300430224900               
99999
0000100013407845780153200015558500003001232764101351271              
128670869662421876286016000013508755281004400120229900               
99999
0000103013407845780153200015559800003001272764102811401              
142600245518422109989775000028108755280105100490223600               
99999
0000100013407845780153200015559800003001232764101681371              
150580495917421380694756000016808755280005100310229900               
99999
0000103013407845780153200015558300003001192764102641361              
161584386587422019680251000026408754280105100420223700               
99999
0000100013407845780153200015562100003001122764101811171              
168154108117421489327163000018108754280105000190229900               
99999
0000103013407845780153200015562500003001182764102511281              
174872941925422269553340000025108752281204600420223500               
99999
0000103013407845780153200015561200003001192764103061261              
186468365900422696616209000030608750280604600300222100               
99999
0000103013407845780153200015563700003001072764103241301              
206753009394423902710017000032408749282203100210221700               
99999
0000103013407845780153200015561900003001262764103271341              
219076575434424911871691000032708749281703300280222000               
99999
0000103013407845780153200015561700003001172764103231281              
226367047393425603560379000032308747281903200260221800               
99999
000010301340708024195320-000199000000002772465101625201              
339960571818425418566518000016308031283808300030207687               
99999
0000103013417845780153200015558600003001242764103111291              
063006016050433120091765000031108759279102600290220700               
99999
0000103013417845780153200015559200003001222764103511281              
071165781181431859121339000035108759278702700200221500               
99999
0000103013417845780153200015561100003001112764102381221              
102122198536427721448349000023808760278202600160221900               
99999
0000103013417845780153200015559800003001262764103561431              
130327650477424967466102000035608760278502200200222000               
99999
0000103013417845780153200015561900003001092764102421321              
146547341810423871704668000024208760278202100580226800               
99999
0000103013417845780153200015560500003001212764102571271              
160466752950423231523866000025708762278202000480225300               
99999
0000103013417845780153200015560800003001232764101961341              
175558731872422859387040000019608764278402000730229900               
99999
0000100013417845780153200015562200003001172764101721241              
181872947551422035131779000017208765278502000590229900               
99999
0000103013417845780153200015559400003001242764101831351              
196754841554422911307212000018308767278502000590229900               
99999
0000100013417845780153200015561200003001202764101751201              
204120943229422325635432000017508767278502000310229900               
99999
0000103013417845780153200015561500003001192764102241291              
211327948970423337103398000022408769278502000890229900               
99999
0000100013417845780153200015561000003001222764101961231              
219013599295422932517267000019608770278202000150226500               
99999
0000103013417845780153200015562500003001182764102341301              
226907701248424139430549000023408770278102000430226200               
99999
0000103013417845780153200015561700003001222764103191301              
234602287065424665508360000031908772277602000300223300               
99999
0000103013417845780153200015561000003001072764103291271              
307780479034433559242174000032908782280002000310221000               
99999
0000103013417845780153200015563900003001182764103351371              
311285294577434139792117000033508782280102000240221500               
99999
0000103013427845780153200015563100003001202764103101161              
099884575196436665872938000031008802272106400090222600               
99999
0000103013427845780153200015561300003001162764101541271              
113890596769434644802076000015408802272206900100227700               
99999
0000103013427845780153200015562300003001142764101561281              
121037848246433697166825000015608800272407000100226600               
99999
0000103013427845780153200015563600003001122764103341281              
140850078252431391836184000033408797272606700170225400               
99999
0000103013427845780153200015563000003001182764103661331              
153655998007430170525832000036608799272706700130223500               
99999
0000103013427845780153200015565300003001102764102201191              
167788553057429083651060000022008797271706600070223600               
99999
0000103013427845780153200015561900003001222764101651321              
204006941061427623928256000016508795273206800130228400               
99999
0000103013427845780153200015562100003001292764102051271              
216593021692427579561714000020508797273306500220228600               
99999
0000103013427845780153200015561800003001192764101821361              
229723759027427791516152000018208797273205800190229900               
99999
0000103013437845780153200015565000003001062764102651311              
173607993518439283911993000026508807272603300180227500               
99999
0000103013437845780153200015564900003001092764102811401              
187321794201438080426027000028108807273602700100222800               
99999
0000103013437845780153200015564200003001082764102771371              
206782894903436828415506000027708805273102100130227700               
99999
0000103013447845780153200015562200003001152764102541291              
149762069418457721194475000025408825271102000120224900               
99999
0000103013447845780153200015562900003001082764101511341              
161398648333455988918685000015108825271002000140229900               
99999
0000103013447845780153200015562300003001152764102401251              
176660802991453935124943000024008825271102000110225300               
99999
0000103013447845780153200015562900003001102764102601281              
191744729585452172724948000026008824271002000320229800               
99999
0000102013447845780153200015561900003001222764102021251              
203523014205450016155258000020208824270802000100226300               
99999
0000102013447845780153200015563900003001102764101901301              
222112814411448541450328000019008822270802000080225200               
99999
0000103013447845780153200015563800003001082764101851411              
238733321806448618851898000018508822271002000140224400               
99999
0000103013547845780153200015566500003001102764103481361              
656499213589667388771606000034808684269805700110223700               
99999
000010301355708024195320-000198400000001782465103165301              
041272771036658798504642000031608024284404500030259983               
99999
0000103013557845780153200015562800003001112764103601311              
596861936343663405006544000036008672271403400130223400               
99999
0000103013557845780153200015563900003001192764102691491              
646980986742664287613310000026908660271003600080222800               
99999
000010001356708024195320-000197900000001972465104574381              
128435583686665002949823000045807959285505200060221806               
99999
0000103013567845780153200015566400003001022764102241311              
743195466387661822631942000022408599273204000090223900               
99999
000010001357708024195320-000199200000002302465105055171              
025850156917644574243168000053807974279105100060230486               
036127282384644196560509000047107974279105100040221781               
