99999
000010301213708024195320-000180000000002332465104185051              
176882272432627714663464000041808036293107500100221172               
99999
000010301213708024195320-000187300000002512465105974221              
226307708308631603297165000059808041292908100100220470               
99999
000010301214708024195320-000191600000002932465104405151              
210264799977645860969054000044108061294608300130240899               
99999
000010301214708024195320-000194000000002192465104494181              
272768872629651373961301000029908059293608400060230298               
281310615521652591084513000056108059293608400110230057               
99999
000010001218708024195320-000209000000001732465105235091              
374169525693671972987207000052308056293306600070250704               
99999
000010301219708024195320-000182400000002462465105604181              
239782957308670025614649000053408059295306000090240390               
252638279650667918813836000058608059295306000060220704               
99999
0000103012207845780153200015559100003001302764103431231              
052984553204660227596154000034308740291302000110222400               
99999
000010001221708024195320-000188800000002202465107495201              
318136731714633993559967000074908024293107600040248403               
99999
000010201221708024195320-000185200000002872465105354181              
335449704761630730945541000036508021293107800060220368               
344204427860629769537672000066308021293107800110222885               
99999
000010301221708024195320-000189200000002732465105625191              
417614385668627499367741000056208026292908100090230301               
99999
0000103012227845780153200015554900003001432764103721341              
055751555708622648687475000037208757289403800240221500               
99999
0000103012227845780153200015556600003001192764103401311              
077414341171619711117771000034008755288704100180220900               
99999
0000103012227845780153200015555900003001242764103961401              
097681706181617558378734000039608750288604800170221000               
99999
0000103012227845780153200015559700003001412764103511321              
115864395727616144279042000035108750288105200150220900               
99999
0000103012247845780153200015560400003001562764103781381              
106320662998555343712319000037808797285904100380229900               
99999
0000103012247845780153200015557400003001402764104311271              
120754607682553127369466000043108797285904100080221300               
99999
0000103012247845780153200015559100003001412764102611281              
136368065383551040685720000026108795285404200100224200               
99999
0000103012247845780153200015561000003001402764102391241              
150526858006549441630446000023908795285604000100226100               
99999
0000103012267845780153200015559800003001472764103431441              
087344468729487130714173000034308759288604300430229900               
99999
0000103012267845780153200015560400003001452764103481351              
108877987949482224111696000034808757289104100340229900               
99999
0000102012267845780153200015561100003001442764101371271              
115649390084479927778788000013708757289204100090228800               
99999
0000103012267845780153200015561900003001532764103171361              
127160141826478334647115000031708757288904000210227300               
99999
0000103012267845780153200015560900003001572764102961451              
134272591843476901776393000029608757288904300150224700               
99999
0000103012267845780153200015562400003001662764103331341              
148551792516474176309898000033308759288603700280229900               
99999
000010301237708024195320-000181500000001992465100135191              
067990955704509902750691000001308004298006100030229981               
99999
000010301239708024195320-000182200000002572465104194231              
050042803602582019779180000042008026294308400090237868               
99999
000010301239708024195320-000178100000002162465102102091              
103381342072585299914610000021008026292309200090229970               
99999
000010001239708024195320-000179200000002002465104995231              
118943720581586327755240000050008029292109300060240974               
99999
000010301239708024195320-000185400000001702465103261161              
148120795449591586456912000032608031291309700080222285               
99999
0000103012407845780153200015552700003001172764102501261              
716416436473639998437597000025008727294103600190221000               
