99999
000010305343708024195320-000048700000002262465104511181              
103710384351443743228646000045208022279102300120239962               
99999
000010205343708024195320-000050700000002772465102071151              
122363323911445750387778000020808025278102600080219981               
99999
000010305343708024195320-000043300000002212465102514051              
177378339752455719636585000016508028278502500030223398               
186122985704457634515971000031508028278502500050239085               
99999
000010305344708024195320-000046100000002562465102142121              
109996294155456640263380000021508016281103100090247169               
99999
000010305353708024195320-000053400000002322465105274161              
252277771645647313422209000040608054279603800070221375               
261860048534645937745816000062608051279603800080240392               
99999
000010305353708024195320-000039400000002702465104294231              
341688676134639635174168000055308054279304000080221690               
349633516407639568416092000025108054279304000050221878               
