99999
0000103113207845780153200007635800003000412764102651321              
179739294471547798474447000026508731274604900120222400               
99999
0000103113207845780153200007635200003000432764103321231              
185571016381548084823017000033208731274604900140222000               
99999
0000103113207845780153200007634000003000372764103581311              
193134378877548523789791000035808731274604900180221800               
99999
0000103113207845780153200007634300003000492764103071311              
200594198908549029761910000030708731274604900290222300               
99999
0000103113207845780153200007633700003000412764103691341              
207723542375549579174709000036908732273905200270222100               
99999
0000103113207845780153200007634900003000452764102851381              
215553266825550254335845000028508732273905200190221900               
99999
0000103113207845780153200007634700003000492764102891441              
222245593990550888905710000028908732273905200170221300               
