99999
0000103081037080241953200000083900000001962465502351261
076276586311435897126609000023507984284501100131249900 
99999
0000100081037080241953200000089100000002122465501911111
089187753609436668514275000021707987283801100121229910 
097562049477437929909590000016207987283801100041229916 
99999
000010308104708024195320-000590400000002762465403581291              
075594864794463533430388000036108027280103400150229991               
087730212526464535721958000035608030280103400080249977               
99999
000010008104708024195320-000600300000000362465401812061              
102332232891465161640949000018108033278803700170249982               
99999
0000102081047080241953200000088000000002102465503561131
163345713166475382680820000035608038277803700051279999 
99999
0000103081047080241953200000093700000002072465502611181
190579237082481838392046000026208038278303700101289998 
99999
0000103081057080241953200000033100000000322465403431031              
124763279168496524033255000034308060280303200130239973               
99999
0000103081057080241953200000031800000000332465402222061              
201606319718509049521083000022208060279403400120244961               
99999
0000102081057080241953200000031800000000262465404015091              
228884167008515023897661000040108060279003400040253368               
99999
0000103081067080241953200000031800000000322465405092141              
071550768767524422013715000049108012288802100250225368               
077268983130524215181542000052708015288802100190229983               
99999
0000100081067080241953200000030100000000422465402802001              
089349190386523282570906000028108015288102200140244476               
99999
0000102081067080241953200000032600000000442465404054121              
108304304914523911385107000040508021287502200080233347               
99999
0000103081067080241953200000030700000000482465404515181              
272107242210549798772904000038108015286302300030220058               
279814947641551838561715000051208015286302300080220883               
99999
0000103081197080241953200000031700000000442465403611151              
400359890352590462046135000031608048275103500030229971               
408525108866589166386945000040308048275103500080229903               
99999
0000103081207080241953200000070100000001852465502561141
421358245467551591824103000025608003283901600031259977 
