99999
0000103111727845780153200007645700003000502764102721351              
084262931174622777425851000027208773288006000200221700               
99999
0000103111727845780153200007645800003000582764102081431              
132037995324621744263287000020808774289605300350222300               
99999
0000103111727845780153200007646600003000482764102521401              
140068891685621910040883000025208774289705200330221400               
99999
0000103111727845780153200007644900003000472764102411381              
147723836038622160337803000024108775289705200290221400               
99999
0000103111727845780153200007645500003000482764102701381              
162578680629622902167685000027008777289905500290221000               
