99999
000010304188708024195320-000054300000001712465103695281              
308388433019455399098567000036908022294104100090240086               
99999
000010304189708024195320-000054600000002202465107434221              
307543960421498784149189000074308021293107100110250578               
99999
000010404189708024195320-000047900000002052465104494341              
337787934696496095783705000045008018292807300060240711               
99999
000010304190708024195320-000044400000002772465105475261              
368234668162534611580277000054707996293805300080240499               
99999
0000103041917845780153200014357200003001072764103511321              
062896302581570925050680000035108709283204700150222400               
99999
0000103041917845780153200014355900003001162764102001301              
078988165666568854471436000020008710283104800110222800               
99999
0000103041917845780153200014357800003001222764102791441              
090666177565567518426929000027908712283104800140222500               
99999
0000100041917845780153200014357300003001132764102481321              
097963981948566280077158000024808709283404500060224800               
99999
0000103041917845780153200014357300003001122764102971381              
111280528394565543752401000029708704283404200160222600               
99999
0000103041927845780153200014358000003001142764102751351              
104067509376601461048592000027508724284603000150226300               
99999
0000103041927845780153200014356900003001202764102851401              
121143845853599477954071000028508724285102800170225700               
99999
0000100041927845780153200014358000003001102764101501201              
130465166446597971113397000015008725284702900070225400               
99999
0000103041927845780153200014356300003001222764103351321              
140464917917597642491804000033508724284602900130223100               
99999
0000103041957845780153200014354600003001182764101471421              
126482493448670033068934000014708700283904900070227400               
