99999
000010300340708024195320-000184900000002312463103744141              
057382950754592949739419000044208059283108100070224096               
064702504729592654055941000029208059283108100050228480               
99999
000010300341708024195320-000179300000002182463104604141              
069303757208555955115702000042707991282008200070250277               
079408109182555240411490000049207991282008200080222672               
99999
000010200341708024195320-000175300000001722463107695211              
099720574190553956519395000077007991282307900060240405               
99999
000010300344708024195320-000187000000002242463107295191              
161358514021429116845756000073007986284006200150270072               
99999
000010300348708024195320-000188100000002452463105104151              
332495461316354546938700000051007909279909600200240789               
99999
0000103003487845780153200015446300003001452764103681431              
861807583806366628629669000036808761282402000250221100               
99999
0000103003497845780153200015444200003001452764103301301              
011902706146365431613297000033008758282902000320221300               
99999
0000103003497845780153200015443100003001392764103211311              
026291273982364470099912000032108757282102000440222000               
99999
0000103003497845780153200015441400003001502764102901301              
032558853819364136716841000029008757282302000480222600               
99999
0000103003497845780153200015442100003001322764103551301              
044962258526363634244486000035508756282202000410221700               
99999
0000103003517845780153200015442700003001422764103461301              
046926472189412323394649000034608651272402600250222200               
99999
0000103003517845780153200015442700003001402764104151251              
060168932205411036332617000041508655272302500330222400               
99999
0000103003517845780153200015444100003001402764102471241              
074138272421409906415539000024708653271902700340223400               
99999
0000103003517845780153200015444700003001452764102531321              
087524829346409057522829000025308652272102600350223600               
99999
0000103003517845780153200015444400003001472764103501291              
117862300153408040706727000035008651272102600320222700               
99999
0000103003517845780153200015444200003001522764103401221              
133450488150408032018973000034008652271802800350223300               
99999
0000100003517845780153200015445100003001452764102551261              
139717090752407177949288000025508653272702000160225000               
99999
0000103003517845780153200015443100003001462764102711261              
154958213330408610274629000027108656272602100210221600               
99999
0000103003517845780153200015444400003001492764104021291              
174569213464409736712123000040208655272402000200221100               
99999
0000103003517845780153200015445900003001542764102201291              
188858449316410912971275000022008657271902300250223900               
99999
0000103003517845780153200015445400003001462764102771371              
196687838716411681943513000027708657272002200220221500               
99999
0000103003517845780153200015444400003001472764103311281              
202835813491412346305479000033108660272802000360222900               
99999
0000103003517845780153200015447300003001492764103081361              
217777178418414177063103000030808662272602000420224100               
99999
0000103003517845780153200015445600003001552764102471361              
224407553489415084670564000024708661272202000360224100               
99999
0000103003537845780153200015447000003001482764101971401              
217599764822474619790569000019708716274602800080223900               
99999
0000103003547845780153200015444900003001362764103161371              
095496526748517518092596000031608752277004700090222800               
99999
0000103003547845780153200015446100003001422764102891371              
135782515813512383556326000028908747275905000120223800               
99999
0000103003547845780153200015445000003001552764103631321              
148185631170511153686334000036308745275905000210225800               
99999
0000103003547845780153200015445800003001432764102181361              
154859108003510569732677000021808745276004900170227600               
99999
0000103003547845780153200015445600003001412764102851361              
166207644857509708311201000028508743276004800170225800               
99999
0000103003547845780153200015446300003001472764104021311              
179645609605508912615641000040208741276404600150223200               
99999
0000103003547845780153200015447000003001492764103351361              
185599691830508640822953000033508741276604500140224400               
99999
0000103003547845780153200015446100003001522764102691361              
216666319053508065443433000026908742276604700200228400               
99999
0000103003547845780153200015446100003001492764103011291              
229177498859508245700716000030108741276904500220225800               
99999
000010300354708024195320-000191300000002312463103921081              
394088528738520560817708000039208059273803800050239909               
99999
0000103003557845780153200015445700003001492764103701411              
158739297375545844607504000037008723278404600140225100               
99999
0000103003557845780153200015443100003001392764102561351              
194522578834542547178006000025608725277005500100226300               
