99999
0000103100377080241953200000078800000001742465402824282              
426216840776561875996729000018107969279204100040230810               
433834482695561635700481000035607970279104200100230073               
99999
0000100100517080241953200000042500000001492465403494152              
108400209805570268562809000034907959283002500050240072               
99999
0000103100537080241953200000066800000001462465402672232              
138177840438493330403726000037707933279004300040230576               
145930196782494282913729000001307934279004300030230681               
99999
0000103100587080241953200000065200000001432465403913172              
136180455507343868407239000039108014275105000100220053               
