99999
0000103010037845780153200015447800003001352764103781381              
720417032935542030951995000037808690274704300190221400               
99999
000010301007708024195320-000180700000002522463104655141              
184961586153392466464722000046607956282609000140240902               
99999
000010301012708024195320-000185900000002512463106854191              
259403460184361091998005000078307989279907400070230098               
268594068870360117353883000057007991279907400110230094               
99999
000010301014708024195320-000186900000002272463103134131              
340205455386428014034518000031307981275805500100241966               
99999
000010301014708024195320-000189700000001892463102694311              
493766034276437015538563000020007989277303100040221276               
500100004617438255663986000032507991277303100140225466               
99999
0000103010167845780153200015441600003001302764102631221              
083059948148508007028663000026308732267407400150221700               
99999
0000103010167845780153200015441600003001392764103021251              
089058040915507403213101000030208732267407500150223100               
99999
0000103010167845780153200015444200003001412764103121181              
129559010376504472575077000031208731267007200130222600               
99999
0000103010167845780153200015444700003001462764103071321              
142178736599504007244979000030708731266907200170223600               
99999
0000103010167845780153200015443200003001462764102771321              
155076607474503768876894000027708730266607300130224200               
99999
0000103010167845780153200015445300003001512764103041221              
185088716470504178603874000030408730266207500130222900               
99999
0000103010167845780153200015445200003001482764102961371              
191077574583504425073303000029608728266307500120222500               
99999
0000103010167845780153200015443600003001532764102341271              
216279618551506065918473000023408730266107600150224600               
99999
0000103010307845780153200015438800003001292764103551361              
645244483792587501894563000035508636274203900100222600               
99999
0000103010307845780153200015442600003001462764103811271              
681859543746590545283531000038108641273803600150224100               
99999
0000103010307845780153200015442300003001492764102651281              
721587608325595571739935000026508642274003600170229500               
99999
0000103010317845780153200015441500003001422764103811221              
653828370550550704070937000038108657272906700220225000               
99999
0000103010317845780153200015442800003001402764103911251              
670698074747551368968666000039108660272306600310227100               
99999
0000103010317845780153200015444200003001382764102921281              
681358885968551991852210000029208660272206600190227300               
99999
0000103010317845780153200015443500003001362764102161241              
704591419322553857367052000021608660271806600120225900               
99999
0000103010317845780153200015442500003001502764103131171              
710653823489554451310963000031308660271806800110222700               
99999
0000103010317845780153200015442600003001422764103901241              
720098791080555458344683000039008660272106800170223300               
99999
0000103010317845780153200015441100003001362764103041161              
742734085496558240263598000030408658271607000110223400               
