99999
000010300046708024195320-000163400000001882463104374201              
025292978935400807560305000034507994290403000050221674               
034308893392399563784841000051308001290403000270245479               
99999
000010200046708024195320-000161400000002402463103835071              
061880935372396212265947000038408001288603400060242380               
99999
000010300046708024195320-000171900000000502463102812071              
119841687593394300702781000028208001287903800260226486               
99999
000010300047708024195320-000167600000000552463103354171              
036399386114392415042592000033608006292302300140217667               
99999
000010200047708024195320-000169500000000552463103624171              
042294127054391075855197000036308009291502400090226475               
99999
000010300047708024195320-000171700000000582463103651161              
120024455506383289036309000036508014288803100340239975               
99999
0000103000547845780153200016514300003001492764103271331              
124239313271535227536078000032708750271106900550222400               
99999
0000103000547845780153200016512800003001472764103661371              
132233965997536019377106000036608748271007000680222900               
99999
0000103000547845780153200016513200003001452764103091271              
150751981993538214423645000030908750270907100480222000               
99999
0000102000547845780153200016514100003001542764103261251              
158533504703538458767078000032608751270807200350221500               
99999
0000103000547845780153200016514000003001462764103501231              
167258414012540579672980000035008751270507300550222200               
99999
0000103000547845780153200016517200003001592764103231321              
185776857610543662506960000032308750270607300350221300               
99999
0000103000547845780153200016516200003001452764103241271              
204283749648547158727313000032408751270507200380221800               
99999
0000103000547845780153200016516600003001532764103081321              
216620978966549697328236000030808751270607200350221700               
99999
0000103000557845780153200016514100003001592764103381351              
085124696078571998023803000033808787271506600270222100               
99999
0000103000557845780153200016514900003001532764103701001
090888161189571958760592000037008787271606700320222400
99999
0000103000557845780153200016515500003001572764103721361              
099248139654571990310487000037208786271706600200221100               
99999
0000103000557845780153200016513100003001482764102961351              
105633048867572085598500000029608786271806500200221600               
99999
0000103000557845780153200016515000003001592764102561341              
123832743821572698460853000025608786272106200180221900               
99999
0000103000567845780153200016515200003001602764103731291              
082881589242608836529930000037308812276603400470222900               
99999
0000103000567845780153200016516300003001612764103081301              
100049219859608045795102000030808812275704000290221800               
99999
0000103000567845780153200016516500003001682764103761441              
121752723458607648213162000037608811275504200360222000               
99999
0000103000567845780153200016515200003001702764102921301              
131603556520607696913995000029208808275404200430222800               
99999
0000103000567845780153200016515400003001582764102701341              
144854370662607992042539000027008807275004400380222300               
99999
0000100000567845780153200016515000003001602764102351211              
154949520907607279645102000023508806275004500280228000               
99999
0000103000567845780153200016516100003001602764103521261              
162177707078608777027166000035208807275204700370222000               
99999
0000100000567845780153200016514700003001582764102371361              
177661787629608755985042000023708807276704200210226400               
99999
0000103000567845780153200016516300003001632764102821331              
185299483471610523524358000028208807277603700570223400               
99999
0000103000577845780153200016513200003001612764103261001
101854828072638929275586000032608810281102000380221400
99999
0000103000577845780153200016513200003001572764103071311              
108758945967638438261243000030708807281102100320221600               
99999
0000103000577845780153200016511500003001622764102851331              
122488840357637650650049000028508807281102200450222200               
99999
0000103000577845780153200016512500003001682764103111301              
136220660764637123397671000031108807280802200610222300               
99999
0000103000577845780153200016512700003001612764102701291              
149957317973636865274444000027008807280802300730223000               
99999
0000100000577845780153200016513600003001652764102481351              
156305942382635817223682000024808807280802400300229900               
99999
0000103000577845780153200016513300003001632764103341291              
163554183175636881007252000033408807280702400830223700               
99999
0000103000577845780153200016511400003001592764103031291              
177716220334637187837075000030308808280702500630223300               
99999
0000100000577845780153200016513600003001662764101471341              
182982870926636370913903000014708808280502600080227400               
99999
0000103000577845780153200016511600003001522764102731301              
192654268809637833336205000027308810280502700800223800               
99999
0000100000577845780153200016511700003001632764102711281              
198054331632637148784327000027108810280402800140224800               
99999
0000103000577845780153200016512300003001572764102691381              
206218493288638703380964000026908810280502901010224900               
99999
0000103000577845780153200016512800003001562764102611341              
216871888806639573044288000026108812280203000720224500               
99999
000010300058708024195320-000165500000002052463101041041              
393204803787658925464729000010408031281500900040239990               
99999
000010300058708024195320-000162700000001952463103014131              
475251661782654141011448000030208034281601200060256052               
