99999
000010000279708024195320-000175900000002172463102094231              
051716961991654275846357000002207974298803300030229906               
059270377752654834903208000029507974298803300050223600               
99999
0000103002827845780153200016508800003001322764103351351              
693246614863640210670090000033508723280105600260221800               
99999
0000103002827845780153200016511100003001302764104021151              
707191604588639407867806000040208722280305500290221400               
99999
0000103002827845780153200016509500003001362764103331351              
728181873040638734663464000033308722281005100230221700               
99999
0000103002827845780153200016513400003001372764103731341              
742309567635638645570359000037308722281004800220221400               
99999
000010300285708024195320-000190000000002252463106685201              
146642166674570922833083000066908009286307800070260292               
99999
0000103002917845780153200016508900003001292764103441421              
103668316810433703066304000034408757278307700220221200               
99999
0000103002917845780153200016519000003001412764103391331              
133290917885434496261159000033908760278707600270221700               
99999
0000103002917845780153200016520100003001442764103341241              
166287107229436799035455000033408762278107300120220700               
99999
0000103002917845780153200016521900003001462764102871421              
174696491315437609034702000028708763278307500340223400               
99999
0000103002917845780153200016521300003001382764103191331              
188568060666439128200103000031908765278607600260221600               
99999
0000103002917845780153200016515300003001392764102351341              
806196794832446755470870000023508798279108100280222700               
99999
0000103002917845780153200016515200003001322764102871331              
812601504827445466412284000028708798279108000220221900               
99999
0000103002917845780153200016516900003001472764102971481              
820336354800443935111596000029708798279007800250221800               
99999
0000103002917845780153200016517800003001592764103191461              
834227603525441267986884000031908797279107500360223400               
99999
0000103002917845780153200016516800003001502764103101271              
847699207207438802681041000031008798279107300330222400               
99999
0000100002917845780153200016517400003001442764101251281              
855009285372437637208679000012508798279807400100226100               
99999
0000103002917845780153200016518300003001532764102791411              
862654283723436231562175000027908797280007100320222900               
99999
0000103002927845780153200016517500003001572764102501361              
009551225355434482908967000025008797279807300250222400               
99999
0000100002927845780153200016516300003001472764101781381              
017666307425433367068542000017808797279807300180225600               
99999
0000103002927845780153200016516500003001542764102821371              
030977161398431392179666000028208797280206800310222800               
99999
0000103002927845780153200016516700003001562764102321361              
046498403733429471629808000023208796278906900370225200               
99999
0000103002927845780153200016516400003001472764103041331              
059576870589428079333201000030408792279207200360223100               
99999
0000100002927845780153200016516900003001522764101771391              
065317862893427646478100000017708792279507200090225800               
99999
0000103002927845780153200016517600003001432764103291391              
072293997004426934867086000032908792279706900280222000               
99999
0000102002927845780153200016517800003001512764102381381              
079058657289425975549996000023808791279606800190222500               
99999
0000103002927845780153200016517600003001502764102801331              
085604557999425967300839000028008791279007000350223100               
99999
0000103002927845780153200016515800003001522764103401321              
098690298697425252922466000034008790279906800270221800               
99999
0000103002927845780153200016517300003001452764103461371              
107610062547424903315901000034608790280006800300222500               
99999
0000103002927845780153200016516300003001362764102961401              
124742523862424548382660000029608790280306400190221400               
99999
0000103002927845780153200016517800003001562764102081411              
133654976372424529197121000020808790279906600250223400               
99999
0000103002927845780153200016517900003001542764102481441              
151780045350424838237289000024808790279707000490225500               
99999
0000100002927845780153200016517000003001532764102221231              
159846980114425243733935000022208788279507100200226200               
99999
0000102002927845780153200016516200003001462764101921341              
165826500586424916134851000019208788279307000190222100               
99999
0000103002927845780153200016517800003001562764103121371              
174428497352425868543698000031208788279706800320222800               
99999
0000100002927845780153200016517600003001662764102221331              
180980689175426419091230000022208787279706600080223100               
99999
0000103002927845780153200016515800003001472764102281411              
218271451356429767233440000022808786279806700240223200               
99999
0000103002927845780153200016515800003001432764102981441              
831057414693443238059456000029808777280806400260223900               
99999
0000100002927845780153200016516000003001502764102601211              
838124565015441749639937000026008776281006100090223300               
99999
0000103002927845780153200016515400003001502764102261291              
855800332742438418766464000022608777280506100310226000               
99999
0000103002937845780153200016516400003001472764102451381              
005727338273435838176192000024508775280506900640227900               
99999
0000103002937845780153200016515400003001512764102371331              
020241444151433283054433000023708776280406500530227200               
99999
0000103002937845780153200016515700003001442764102271371              
036403461993430630494097000022708775280107000400226900               
99999
0000103002937845780153200016515200003001472764102711341              
047436574087428953031091000027108773280106900280223900               
99999
0000103002937845780153200016515600003001502764103131291              
053557767404428073414673000031308773279607100220223100               
99999
0000103002937845780153200016515900003001522764102121321              
071052432446425776786797000021208770280107100150223600               
99999
0000103002937845780153200016515400003001452764102861401              
097702378382422957532095000028608765280006700170222300               
99999
0000100002937845780153200016516300003001452764102061291              
110668287059421807396899000020608762279606800110226300               
99999
0000103002937845780153200016517100003001472764102681411              
117835614424421422976440000026808762279607000300225900               
99999
0000103002937845780153200016514500003001372764102181361              
124786098081421018925974000021808762280306600280225500               
99999
0000103002937845780153200016515200003001482764103021301              
130563114923420733412224000030208762280106700320225300               
99999
0000103002937845780153200016514600003001422764102591381              
146785343435420179666937000025908761280006700230224100               
99999
0000103002937845780153200016515000003001482764103461361              
152560589540420071737712000034608761280106800190222800               
99999
0000103002937845780153200016516100003001332764103071291              
175587665734420110514456000030708761279907000200223200               
99999
0000103002937845780153200016515500003001412764102881391              
188593031846420462729760000028808762279207200240224300               
99999
0000103002937845780153200016515900003001412764102291381              
194077789039420681920704000022908762279107500240226000               
99999
0000103002937845780153200016516900003001492764103101381              
209197123359421499367556000031008762279307300200222900               
99999
0000103002957845780153200016512300003001392764102691421              
107636074105432767331627000026908795281405800100225300               
99999
0000103002957845780153200016511900003001382764102891481              
123556481360430492874644000028908793281305800190226600               
99999
0000103002957845780153200016515400003001402764102541321              
145233444030427823055277000025408795280506000160225700               
99999
0000103002957845780153200016514000003001412764101651291              
153436020266426953644562000016508795281005800230229900               
99999
0000102002957845780153200016516100003001392764101751391              
166971859206424964355684000017508793280905800110223400               
99999
0000103002967845780153200016516100003001332764101601291              
105721615773445677899909000016008837280606100110229900               
99999
0000103002967845780153200016516000003001402764102701281              
122366734804442825088521000027008837280506200270229900               
99999
0000102002967845780153200016516500003001562764101031341              
130988333643440633080112000010308837280606100050227500               
99999
0000103002967845780153200016516400003001432764102761411              
137498318060440416825083000027608837280406100170224600               
99999
0000103002967845780153200016516300003001402764102531321              
158952508424437363577543000025308837280706100290229900               
99999
0000102002967845780153200016516900003001442764101781471              
173093052414434806398409000017808838280906400190229900               
99999
0000103002967845780153200016517500003001422764102211321              
189638574972433868074462000022108840280806500240229900               
99999
0000103002977845780153200016514200003001382764101431351              
139899047679456502363267000014308838280707800090228500               
99999
0000103002977845780153200016513400003001412764102871391              
148110571187455090674458000028708837280707700100223300               
99999
0000103002977845780153200016515900003001372764102691511              
154922935990453956922555000026908837280607600110225400               
99999
0000103002977845780153200016514500003001502764102351341              
168708090699451778880794000023508838280507600230228100               
99999
0000102002977845780153200016514300003001492764101391421              
175682034377449881648232000013908838280507500060226400               
99999
0000103002977845780153200016517900003001492764101201421              
183163199734449682672838000012008838280207500170229900               
99999
0000103002977845780153200016516700003001452764102881501              
196155971163447982437165000028808838280307500160226500               
99999
0000103002977845780153200016517800003001512764103721431              
200550018218447449902858000037208838280207600120222600               
99999
0000103002977845780153200016516000003001432764101551341              
214135114954445948026029000015508838280307600230229900               
99999
0000102002977845780153200016517500003001492764101321401              
219721059770444525939518000013208838280007600140227600               
99999
0000103002987845780153200016515300003001442764103211331              
163859485374473260471897000032108813281705200100223100               
99999
0000103002987845780153200016515900003001422764102811421              
179664256407470545889201000028108812282105000120222400               
99999
0000103002987845780153200016514900003001442764102561451              
199868226090467356609576000025608812281205300130224700               
