99999
000010304250708024195320-000046200000002172465104645151              
514381039355639111194011000046408023289806100080230462               
99999
0000103042517845780153200014353400003001172764101611271              
046889273666659095047436000016108814286605100590229900               
99999
0000100042517845780153200014351200003001162764101641221              
054744557082656997260889000016408814286405100440229900               
99999
0000103042517845780153200014352200003001132764101491261              
067244994484655824088453000014908814286405100760229900               
99999
0000102042517845780153200014352600003001192764101831331              
077114542006653416243067000018308815286205200360223000               
99999
0000103042517845780153200014357500003001252764101881401              
101205312728651073459356000018808815285405401970229900               
99999
0000100042517845780153200014357600003001202764101571291              
108264945822649417276216000015708817285405300630229900               
99999
0000102042517845780153200014358200003001212764101861311              
115347457376648463596369000018608815284905200440227400               
99999
0000103042517845780153200014360800003001112764101871311              
128618330114648052065504000018708817285205001510229900               
99999
0000104042517845780153200014357000003001282764101681371              
136452127365648593905982000016808817285705000130227100               
99999
0000100042517845780153200014355400003001252764101681321              
147931242907645638450797000016808817285705000290229900               
99999
0000103042517845780153200014355000003001232764101961301              
155829719234645904208899000019608817285904601910229900               
99999
0000103042517845780153200014357300003001262764101851361              
178133574574644839411795000018508817285404502600229900               
99999
0000103042517845780153200014356300003001282764101901331              
197417030223644450925778000019008817285604401430229900               
99999
000010204251708024195320-000065400000001012465104285101              
473067458111643636816231000042808047283307500060220976               
99999
0000103042527845780153200014354800003001152764101671371              
050128069873668499996696000016708832286704400200229900               
99999
0000100042527845780153200014353000003001082764101721231              
058435728162666168759140000017208832286204800080227200               
99999
0000103042527845780153200014353800003001152764101671361              
064852534472665792227866000016708832286604700360229900               
99999
0000103042527845780153200014353100003001142764101841271              
080648098218662993362797000018408832286704500350229900               
99999
0000103042527845780153200014348000003000962764101741381              
095170922271660545897944000017408832285904800320229900               
99999
0000100042527845780153200014350100003001072764101161181              
103051055221658484557095000011608830285704900180229900               
99999
0000103042527845780153200014354400003001272764101641331              
110635070541658102135862000016408830286204800240229900               
99999
0000102042527845780153200014355200003001252764101741301              
117825773210655907791636000017408830286204800200226800               
99999
0000103042527845780153200014355800003001292764101501351              
126402254518655812493834000015008829286104800630229900               
99999
0000104042527845780153200014355800003001272764101921401              
132725500531656302519175000019208830286204800080229900               
99999
0000103042527845780153200014355100003001312764101791321              
139351472790654104587363000017908830286204900890229900               
99999
0000100042527845780153200014356000003001272764101231231              
147731397454652302005664000012308830286204800240229900               
99999
0000103042527845780153200014355100003001312764101741271              
156076340566652153741906000017408830285405000630229900               
99999
0000102042527845780153200014355500003001262764101421291              
163059468195650280895977000014208830285205000270229900               
99999
0000103042527845780153200014354100003001362764101801281              
183969007831649607070348000018008834284705100250229900               
99999
000010304252708024195320-000054000000001982465107435221              
401477965999655416229854000074308036282106200040279910               
99999
0000103042537845780153200014353200003001332764102081271              
072500534096666414902240000020808832288404200130227600               
99999
0000103042537845780153200014352300003001222764101801241              
094461440621662133675859000018008832288404300920229900               
99999
0000102042537845780153200014352300003001242764101681311              
100563410821659718328736000016808832287404601160229900               
99999
0000100042537845780153200014352200003001222764101261201              
108936356364658653204723000012608832286704900370229900               
99999
0000103042537845780153200014353700003001342764101651351              
118725876806657643481895000016508832286904901390229900               
99999
0000104042537845780153200014351500003001312764102271281              
125708034469657849394958000022708832287604700160227100               
99999
0000102042537845780153200014353000003001262764101691321              
133898437719653743814866000016908832287904600220229900               
99999
0000103042537845780153200014355500003001282764101821371              
143020729100653521744171000018208832287604602230229900               
99999
0000100042537845780153200014356600003001292764101891441              
153142831881651183985264000018908832287704500350229900               
99999
0000102042537845780153200014356300003001302764101961331              
159569950738649700787346000019608832287604500740229900               
99999
0000104042537845780153200014355900003001262764101701371              
168031512403651240615457000017008832287904300240229900               
99999
0000103042537845780153200014358900003001312764102131331              
175351403150648813764849000021308832287904204520229900               
99999
0000100042537845780153200014357300003001322764101881351              
182433545345647169427807000018808832287604201090229900               
99999
0000102042537845780153200014359500003001182764101861431              
190316973389645690952700000018608834287704101580229900               
99999
0000103042537845780153200014356100003001272764102421301              
198945327774646059364903000024208834287703800620223000               
99999
0000103042537845780153200014353400003001262764102921341              
277303525627641881152593000029208840291902000660221800               
99999
0000103042537845780153200014353700003001222764102551321              
296036613898642098153440000025508842292202200470221100               
99999
000010304253708024195320-000050800000002092465103425151              
419485545608650705619237000034208025282606300030231878               
99999
0000103042547845780153200014358200003001232764101521301              
103485697211655067446389000015208825287204200270229900               
99999
0000100042547845780153200014355200003001202764101001141              
109069595944653189557703000010008825287104300080229900               
99999
0000103042547845780153200014356100003001182764101781391              
117829170051652103635801000017808825286604400660229900               
99999
0000102042547845780153200014354300003001162764101581341              
125488136850649172430675000015808825286204500200229900               
99999
0000103042547845780153200014355200003001222764102051251              
131840259525649279575489000020508825286204600410229900               
99999
0000103042547845780153200014352000003001202764102251201              
147310049680646273848341000022508827286204600200228700               
99999
0000100042547845780153200014355700003001222764101581341              
153899276957644323535450000015808825286404500120229500               
99999
0000103042547845780153200014356000003001182764101761361              
161958624541643565253507000017608827286403900850229900               
99999
0000103042547845780153200014354100003001212764102471281              
188547238517639077446419000024708830287403800640228100               
99999
0000103042697845780153200014354700003001222764103191411              
699777563029456078198290000031908724280905300370221600               
99999
0000103042697845780153200014355400003001242764102511361              
707868254579455413653537000025108724280905500360221500               
99999
0000103042697845780153200014355300003001182764102731421              
722308132528454444517038000027308725281404500330221300               
99999
0000103042697845780153200014357400003001222764102981471              
739947685021453653071573000029808727281703600390222500               
