99999
000010300224708024195320-000183200000001972463106214131              
076770886519671341796049000062208026296805800140220600               
99999
000010300224708024195320-000177300000002302463105174091              
128872830770668296361439000051808034295006900170231292               
99999
0000103002247845780153200016510100003001412764102051131              
762591410244678416551250000020508746290104400110222200               
99999
0000103002247845780153200016512100003001462764103431231              
815960972559680660488933000034308747289703800180222800               
99999
0000103002337845780153200016505800003001382764103641361              
049809147555537720190181000036408783292902000400223900               
99999
0000103002337845780153200016507800003001362764103181351              
055229942874537020010356000031808785292302000300223000               
99999
0000103002337845780153200016507100003001312764103381251              
062366880417536160773295000033808785291802000360223100               
99999
0000103002337845780153200016507400003001312764103111191              
078755027121534464983789000031108783292002000330224000               
99999
0000103002337845780153200016507100003001282764103881361              
086246385990533821743702000038808782291602000410223500               
99999
0000103002337845780153200016506800003001382764103321321              
107891598002532440642844000033208780291302000250221700               
99999
0000103002337845780153200016505700003001352764103011231              
128279457115531797621241000030108777292402000210222100               
99999
0000103002337845780153200016505500003001342764103311231              
135216274084531724600995000033108777292202000280222800               
99999
0000103002337845780153200016506300003001292764103511281              
147788377456531779156442000035108778291602600210221700               
99999
0000103002347845780153200016507700003001372764103811361              
021155644487517018647957000038108767292502000110222400               
99999
0000103002347845780153200016507900003001392764103131351              
108874654483503980977025000031308762292402000180224100               
99999
0000103002347845780153200016508500003001362764103071321              
114534926844503498065040000030708762292302000300225500               
99999
0000103002347845780153200016509800003001402764103041281              
136041142396502101062709000030408761292902000220224200               
99999
0000100002347845780153200016509500003001332764103091291              
143445485649502572684184000030908762292602000110225200               
99999
0000103002347845780153200016507600003001222764103941331              
157440310488501407824085000039408761292802000240223900               
99999
0000103002347845780153200016507300003001402764103821271              
163101292231501340845533000038208760292902000340223700               
99999
0000103002347845780153200016510400003001372764103551281              
171596890970501331018668000035508761292802000200222100               
99999
000010300234708024195320-000194600000001622463103845191              
313843039574501247548145000038408016293307000060250669               
99999
000010300234708024195320-000186600000002042463106265161              
406662368150488448143509000062708016291508300070240884               
99999
0000103002357845780153200016507400003001342764103291331              
034758907393489064226131000032908747291303000190226700               
99999
0000103002357845780153200016508100003001222764102731261              
056578773657484641716315000027308743291202400160225900               
99999
0000103002357845780153200016507600003001342764103711321              
063334615710483365145286000037108743291302000170223800               
99999
0000103002357845780153200016508300003001312764104001201              
073042139384481615610621000040008742290702100170223800               
99999
0000103002357845780153200016507100003001362764102701271              
081693811046480145454802000027008743290102000170226000               
99999
0000103002357845780153200016508600003001442764102941381              
099903448981477345294512000029408743290402500130226100               
99999
0000103002357845780153200016508700003001322764103101251              
168096600965470866057730000031008743289503700110222700               
99999
000010300235708024195320-000180300000002462463100305031              
345079831832470401951354000003108029291408200030249972               
99999
0000103002367845780153200016507000003001372764103371321              
044079779408462812314519000033708767291302400100223800               
99999
0000103002367845780153200016505900003001292764103581431              
059244518397459501923302000035808767292602000210225500               
99999
0000103002367845780153200016505200003001342764103451281              
066009922908458078166252000034508767292002100200225800               
99999
0000103002367845780153200016506400003001382764103001261              
090731564009453206710859000030008767290402700200227800               
99999
0000103002367845780153200016504900003001412764103001231              
104506942507450750051259000030008767291002500130226900               
99999
0000103002367845780153200016505000003001472764102911301              
116919889870448714709809000029108767291402400170225900               
99999
0000103002367845780153200016505600003001402764102711271              
123632076156447689193374000027108767291102400360229900               
99999
0000103002367845780153200016504700003001462764102821351              
135902178355445957976940000028208767291202400290229900               
99999
0000103002367845780153200016503900003001362764103041301              
147791056304444465261557000030408767291102300370229900               
99999
0000100002367845780153200016505800003001352764102121251              
155264575158444193379334000021208767291002300120227400               
99999
0000102002367845780153200016506600003001382764102371361              
160466364883442644127723000023708768291202300150224500               
99999
0000103002367845780153200016506600003001502764103311261              
168729986181442301213032000033108768291302200290229100               
99999
0000103002387845780153200016502000003001302764102061171              
096341593797412499744600000020608796296502000080226600               
99999
0000103002387845780153200016504500003001382764103481391              
123437030355406832958894000034808793296102000180226300               
99999
0000103002387845780153200016505700003001402764102761351              
144765006019402709721671000027608792294702000150225800               
99999
0000103002387845780153200016505800003001322764102561351              
158626090787400232296128000025608792293802000150226300               
99999
0000103002387845780153200016505500003001402764103791371              
163717115137399367468097000037908791293302000160224400               
