99999
000010001091708024195320-000188500000002182463105385231              
090314407254442048378986000053807984286807100080250295               
99999
000010301091708024195320-000186200000002042463101265091              
126648541020445696083876000012607991285307800030219997               
99999
0000103010917845780153200015433200003001362764102511251              
666286469787427324704819000025108777279705900210224400               
99999
0000103010917845780153200015435500003001372764103251331              
672102391543427358223543000032508779279106100170222400               
99999
0000103010917845780153200015436300003001212764102541261              
678580121376427450845186000025408779278906200400228100               
99999
0000102010917845780153200015436700003001352764102261331              
692474728964426853113018000022608780278906300060223900               
99999
0000103010917845780153200015437500003001392764102911391              
699317816499428132620441000029108780278606200210223600               
99999
0000103010917845780153200015437900003001402764103281361              
709135715576428654899842000032808782278606300190223800               
99999
0000103010917845780153200015440200003001462764102641281              
713664035287428937649692000026408784278606100260225900               
99999
0000103010917845780153200015439900003001432764103471421              
728808682984430068887898000034708784278506400190222900               
99999
0000103010917845780153200015439700003001402764103251331              
735120761670430621865626000032508784279106400310226100               
99999
0000103010917845780153200015441000003001462764103371281              
746978129973431783742236000033708785278706400240223700               
99999
0000103010917845780153200015443200003001322764103041211              
761314229894433390581853000030408785278606400300224800               
99999
0000103010917845780153200015441700003001312764102581311              
768588864666434284713010000025808785278406600390229900               
99999
0000103010917845780153200015442000003001292764102531271              
775972752267435242757394000025308785278406600540229900               
99999
0000102010917845780153200015442100003001402764102281221              
782834795818435166655535000022808785278606600110226500               
99999
0000103010917845780153200015441100003001452764103011191              
788837357313437024296774000030108785278606600570229900               
99999
0000103010917845780153200015443300003001322764102261251              
802767792402439097361520000022608785278206500240227100               
99999
0000103010917845780153200015442500003001432764103501261              
816057699254441194110378000035008785278206700280225200               
99999
0000103010917845780153200015441800003001402764102791351              
822347867824442220948638000027908785278506700230225400               
99999
0000103010917845780153200015443300003001462764103041271              
829237320750443367360166000030408785278206600240224100               
99999
0000103010917845780153200015442100003001372764103371301              
836303410530444563688754000033708785278606400210223500               
99999
000010301092708024195320-000193600000001912463102321111              
028682437971420488180867000023307936295803500220229904               
99999
000010001092708024195320-000188900000002012463103314101              
056822823916418902480861000033107939295303500090292491               
99999
000010301092708024195320-000187700000002092463102431171              
109955252411419691873357000024407949292403200140219994               
99999
000010301092708024195320-000186500000002172463105404161              
156508767018423984640647000054007941291603400070237691               
99999
0000103010927845780153200015436600003001312764103411281              
665560684523409223366780000034108767278505300300222400               
99999
0000103010927845780153200015439800003001302764103201291              
679292783723408734966758000032008767277905400220222300               
99999
0000103010927845780153200015438300003001222764103851351              
687860766611408565929390000038508769277905500200221900               
99999
0000103010927845780153200015438000003001302764102381281              
702228311360408516738932000023808769278005600190223300               
99999
0000103010927845780153200015442100003001432764103241241              
709258607353408599116406000032408770278005600280224500               
99999
0000100010927845780153200015438400003001362764102301271              
714544186704408520463881000023008772277905600140222800               
99999
0000103010927845780153200015438700003001412764103251341              
720858028229408886278442000032508774278105500360224500               
99999
0000103010927845780153200015439800003001382764102991521              
733158936579409393247562000029908774278205500200221700               
99999
0000100010927845780153200015439000003001462764102251291              
737232849470409425154212000022508774278405500160225100               
99999
0000103010927845780153200015438300003001442764102341321              
744313045181410028635045000023408774278605500240224200               
99999
0000103010927845780153200015438500003001462764103171381              
756475552110410905648508000031708772278705400250223400               
99999
0000103010927845780153200015438900003001432764102861441              
788973969985414126912795000028608772278605400200223600               
99999
0000100010927845780153200015438400003001352764102591371              
795190570839414707828778000025908772278405600160222400               
99999
0000103010927845780153200015439200003001282764102241331              
801438046370415670310109000022408772279005300340226500               
99999
0000102010927845780153200015440400003001312764102691291              
807372961476415364453933000026908772279005200080223900               
99999
0000103010927845780153200015438400003001342764102741361              
813885368635417361974262000027408772278605200200222500               
99999
0000103010927845780153200015438600003001382764102561421              
827492389926419365804358000025608772278605200350225100               
99999
0000103010927845780153200015436000003001322764102711251              
856703099492424117164400000027108772277705100180222700               
99999
000010301093708024195320-000190800000002112463103295151              
111098596008400912272150000032907951292803500060211763               
99999
000010301094708024195320-000182200000002752463103943211              
009658763389402081902006000040407979298302200090240885               
023631802610399438350224000038507981298302200040231970               
99999
000010301094708024195320-000189400000001822463102792281              
058618205761393925300381000027907984294502700140219491               
99999
000010301094708024195320-000189100000002262463102432151              
123809777772388688161743000024407989293302900240239923               
99999
0000103010947845780153200015435500003001372764103411341              
801631052301389413171878000034108697277706900610222400               
99999
0000103010947845780153200015438200003001472764103701371              
810570385792390069484528000037008695278106500320220600               
99999
0000103010947845780153200015440100003001472764103131261              
820570727082390934006457000031308695277906600300220500               
99999
0000103010947845780153200015438400003001422764103291381              
828735352393391738932451000032908692278106300350221200               
99999
0000103010947845780153200015440800003001372764103051331              
838470416420392811066559000030508692278005700350221200               
99999
0000103010957845780153200015440100003001382764103361321              
021263778517399494779165000033608677277105000350221100               
99999
0000103010957845780153200015441600003001372764103361371              
031067019610401171822701000033608674277005100260221100               
99999
000010301119708024195320-000186100000002442463101321061              
112983562795440453884863000013208006287008300040269993               
99999
000010001119708024195320-000188200000002032463103795181              
132027066950443834171507000037908009286608600040224476               
