99999
0000103001037845780153200016517900003001322764103571321              
665304749302439007456664000035708587277704900440224500               
99999
0000103001037845780153200016517700003001372764101901301              
672351664296439009533261000019008587277604900510228100               
99999
0000100001037845780153200016516800003001352764102131211              
681073610446438596026989000021308587277505100330223700               
99999
0000103001037845780153200016517200003001332764102441211              
695761125202439533831261000024408588277205200360225200               
99999
0000103001037845780153200016516800003001232764102101181              
717047481041440697439259000021008593277005200850229900               
99999
0000103001037845780153200016517500003001182764101971341              
738176260473442482089481000019708602277105000990229900               
99999
0000103001037845780153200016521000003001312764102681181              
751235013496443885708341000026808602276905100370224600               
99999
0000103001037845780153200016520000003001342764102701131              
764714909367445563136409000027008600276605200750224600               
99999
0000100001037845780153200016520700003001332764101991261              
773150367997446232212937000019908600276605100430225100               
99999
0000102001037845780153200016521700003001292764102051221              
779403045807447112439649000020508603276405200240229900               
99999
0000103001037845780153200016520800003001152764101921231              
786992412930448808876162000019208605276105401140229900               
99999
0000100001037845780153200016521500003001342764102041131              
794197879705449486473127000020408607276005500210223400               
99999
0000103001037845780153200016522100003001322764102851201              
809000262156452533832025000028508607276405100880225400               
99999
0000100001037845780153200016521400003001312764102021071              
816623519354453444472256000020208608276105300460226600               
99999
0000102001037845780153200016519700003001302764101181241              
823940450454454783274040000011808608276205200080228800               
99999
0000103001037845780153200016522100003001402764102461161              
831160887233456723847558000024608610276205200620228600               
99999
0000100001037845780153200016521600003001412764102541171              
837446360472457496730688000025408610275905300220222600               
99999
0000102001037845780153200016523200003001362764102481241              
845920475222459180562488000024808612275705500100225000               
99999
0000103001037845780153200016521100003001422764102691001
853183409512461233314054000026908612275905400310223900
99999
0000103001037845780153200016521400003001352764102521191              
859430313716462561652135000025208612275705500460226800               
99999
0000103001047845780153200016523800003001332764102201191              
004370216386464492420792000022008612275905500460226300               
99999
0000103001047845780153200016522800003001462764102551001
011161329336465978735671000025508611275805400430226200
99999
0000103001047845780153200016523800003001292764103461331              
016590968765467176955882000034608611276005400230227000               
99999
0000103001047845780153200016515900003001352764102511001
701824989605455936172436000025108646277507401170225500
99999
0000103001047845780153200016520400003001492764102131211              
709048279193455998376892000021308646277407301840229900               
99999
0000100001047845780153200016519300003001352764102351241              
716169986512455438978840000023508647277406300660224800               
99999
0000103001047845780153200016517800003001362764102121261              
724110034441456376774902000021208646277406302700229900               
99999
0000102001047845780153200016517200003001322764101741221              
731484312146456067860699000017408648277606200470227200               
99999
0000103001047845780153200016517400003001212764102071201              
738907055480457075099850000020708650277306202130229900               
99999
0000103001047845780153200016517300003001262764102341241              
755529888769458240418347000023408650276606401360227700               
99999
0000102001047845780153200016517500003001352764101771311              
763789275534458341994805000017708648276606300940229900               
99999
0000100001047845780153200016520400003001432764102381191              
780454464896460039605030000023808650276805800590224000               
99999
0000103001047845780153200016519300003001292764102501271              
788925151971461749677124000025008648276405901310228300               
99999
0000103001047845780153200016520900003001352764102421231              
801987965302463520362886000024208647276006001450229900               
99999
0000102001047845780153200016521000003001342764101991241              
810491639744464152124241000019908647275906100470227300               
99999
0000103001047845780153200016521900003001372764102171281              
818688828691466081629477000021708647275806202140229900               
99999
0000100001047845780153200016521300003001332764101801141              
826902112118466788416213000018008647275906200990228500               
99999
0000103001047845780153200016522000003001362764102051161              
833930895340468686215177000020508647276006202690229900               
99999
0000103001047845780153200016522000003001342764101931201              
846555741538471017101112000019308646276305802770229900               
99999
0000102001047845780153200016522000003001302764101861171              
855428535310472103036678000018608645276805701010229900               
99999
0000103001047845780153200016521500003001372764101821251              
863119401823474284401845000018208646276605602080229900               
99999
0000100001057845780153200016522600003001342764101971281              
005768148241474994143229000019708645276505901060229900               
99999
0000103001057845780153200016523600003001362764102021211              
013515123129477288452578000020208646276805802570229900               
99999
0000103001057845780153200016523200003001432764102471241              
028961580336480648608320000024708646276805700630226700               
99999
000010300105708024195320-000175500000001972463103221101              
072877465241459408437331000032308004291601100340238771               
99999
000010300105708024195320-000184100000002612463103894141              
200160956472464465672277000038908004290101500220234570               
99999
000010300106708024195320-000196200000001202463103044001              
055875399680484233079038000018707926295501000110229902               
064911684458483001414419000038807924295501000170243479               
99999
000010300106708024195320-000199100000000752463103574191              
113451753693478513611188000035707934293802400120224886               
99999
000010300106708024195320-000175500000002282463104754181              
230336162103484500089968000051007936290803400100221357               
237629158190485649633625000043907936290803400160223095               
99999
000010300106708024195320-000187000000002562463105255141              
300036079657498463019690000052607929289304200050202486               
99999
000010300106708024195320-000184300000002392463103945191              
308175319519500458568756000039407929289304200100230492               
99999
0000103001067845780153200016521000003001372764104001151              
699040530146500225298381000040008637278704000440221600               
99999
0000103001067845780153200016520100003001302764103361161              
704476865464499789669977000033608637278404100220221200               
99999
0000103001067845780153200016520900003001302764103691301              
714364748396499099774668000036908637277904200270220800               
99999
0000103001067845780153200016518800003001212764103351291              
720719181382498728038406000033508638278403900420221500               
99999
0000103001067845780153200016518500003001342764103651331              
745498859630497835493960000036508640277603700620221900               
99999
0000102001067845780153200016517800003001302764101791331              
751332444313496971507177000017908640277603700240221700               
99999
0000100001067845780153200016517800003001272764101681351              
760181690990496762140345000016808641277503600420224700               
99999
0000103001067845780153200016519800003001312764102351301              
766919773308497804153014000023508642277003801340226300               
99999
0000103001067845780153200016519800003001302764102681351              
782752183447498232175705000026808642277603300830223400               
99999
0000102001067845780153200016519000003001302764102341191              
789526545097497738581379000023408642277003400220221000               
99999
0000103001067845780153200016520800003001292764102511271              
797348398986498967103243000025108642277103002140229000               
99999
0000100001067845780153200016521000003001242764101931171              
803817806718498436109356000019308642278002400190221000               
99999
0000103001067845780153200016521900003001282764102731321              
812364629517500059983532000027308641278002000910223500               
99999
0000102001067845780153200016521300003001272764101921241              
818857603008499836820621000019208641277202500560223600               
99999
0000103001067845780153200016523100003001372764102711241              
827222517456501469859599000027108640277202201110225400               
99999
0000100001067845780153200016522000003001432764101711151              
833779098076501243490913000017108638277502000410223100               
99999
0000103001067845780153200016523200003001402764103401161              
839897189951502922398159000034008638277902000190221600               
99999
000010300108708024195320-000185300000002152463105434111              
171874842026525028542167000057508024291001400100230051               
180612435026524680256519000051008026291001400100220237               
99999
0000103001127845780153200016512800003001242764103931271              
052917604395627654856505000039308736282604000370221100               
99999
0000103001127845780153200016512300003001222764103481201              
076246195091628778428139000034808735282603700310220700               
99999
0000103001137845780153200016514800003001242764104731291              
005508228629650509730848000047308757284902300320221100               
99999
0000103001137845780153200016516700003001292764103301271              
011527101796650050519183000033008756284902200350221400               
99999
0000103001137845780153200016516600003001262764102411241              
028450506332649014297196000024108755284502500630223600               
99999
0000100001137845780153200016516600003001282764102851311              
034411584601647962216038000028508756284402600200222200               
99999
0000103001137845780153200016517900003001262764103421301              
042171492343648460479421000034208756284502500650222900               
99999
0000100001137845780153200016517200003001302764101901161              
052294049073647452321685000019008755284502500380226100               
99999
0000103001137845780153200016517900003001322764103511271              
059369743907648141263528000035108753284502500680222600               
99999
0000103001137845780153200016516400003001232764103391271              
072678097444648186287634000033908753284402500430221500               
99999
0000103001137845780153200016517100003001342764101951271              
084157435208648431590926000019508753284302500620226100               
99999
0000103001137845780153200016519000003001322764102821231              
099791826146649072765400000028208755284202800980224600               
99999
0000103001137845780153200016517800003001262764102731321              
118475469396650297227153000027308752284003300470223700               
99999
0000103001147845780153200016513800003001232764103941001
040824283046665316917837000039408735283902900230221400
99999
0000103001147845780153200016514600003001232764103341231              
049639143015664681944090000033408735284102600270222300               
99999
0000103001147845780153200016515300003001212764103971281              
056658432139664249378504000039708732284402200230221700               
99999
0000103001147845780153200016513900003001252764103811001
071424222416663556906024000038108733284402000280222100
99999
0000103001147845780153200016515600003001282764103901311              
078240879100663338801529000039008733284302000240222000               
99999
0000103001147845780153200016516200003001272764103741291              
084235305962663200874851000037408732283902300390223900               
99999
000010300115708024195320-000184300000002402463103834081              
340295486193666771208901000038407971289801800170254405               
99999
000010300115708024195320-000182900000002162463103361101              
406257566783662724390605000033707979289401900250247512               
99999
000010200115708024195320-000178400000002262463104445141              
417184305147661871140909000030007974289301900040220067               
423181783069661969194771000055307979289301900080220916               
99999
000010000115708024195320-000175700000002472463101925151              
436912521372663017682164000019207979289001900040244082               
99999
000010300115708024195320-000184400000002192463104154111              
475667361373666268291189000043307984289801900200221913               
482902752580667080192575000039707991289801900210222201               
99999
0000103001167845780153200016517100003001372764102261281              
096535531478672723429250000022608687280205101030229900               
99999
0000100001167845780153200016515000003001292764101371241              
103532727956671884085897000013708687279905300190229900               
99999
0000102001167845780153200016516200003001282764102561301              
110918087966670597521651000025608687280305200340223700               
99999
0000103001167845780153200016515400003001252764102391301              
118270067727670870491112000023908688280105100700229900               
99999
0000100001167845780153200016514400003001242764101361211              
133200131737669802214464000013608688279005500300229900               
99999
0000102001167845780153200016516200003001282764102271281              
139418670433668834434239000022708687279205700260222600               
99999
0000103001167845780153200016515400003001292764102201241              
147174180086669390400562000022008687279705400680229900               
99999
0000100001167845780153200016516000003001262764102491261              
159598798880668966862053000024908690278705500220227200               
99999
0000102001167845780153200016515300003001282764102431261              
166506912349668203753986000024308690278505900260222000               
99999
0000103001167845780153200016514700003001202764103461001
172760213976669057022009000034608690279005800590223300
99999
0000103001167845780153200016514700003001362764102751341              
179372696836669121643629000027508690279405500400221500               
99999
0000103001167845780153200016514900003001322764103591351              
185265980031669231206599000035908692279105600500221500               
99999
0000103001167845780153200016516300003001262764103481321              
191583335556669402737434000034808692279505500460221100               
99999
000010300116708024195320-000184000000001902463102021971              
380870954168661918376318000011608004291402200150239987               
391100387227660909102248000026208006291402200030229959               
99999
000010300116708024195320-000178400000002622463104434141              
455498901849658507613725000044408009291102700230243288               
99999
0000103001177845780153200016516200003001282764101921311              
116328998765663677266021000019208717280505400160226200               
99999
0000103001177845780153200016517200003001272764102251001
121687402431663041936378000022508715280505300150224800
99999
0000103001177845780153200016517400003001302764102351251              
128550919773662280311822000023508715281005200160224800               
99999
0000103001177845780153200016515500003001182764102941351              
134603215830661658465750000029408715280805200120222300               
