99999
0000103080157080241953200000085800000001772465503671341
091419929470449080469335000036708009273106000041259992 
99999
0000103080167080241953200000078900000002292465504081321
110355596174428648990476000040107928274006600081227292 
116677668477429381874091000041707928274006600121229911 
99999
0000100080167080241953200000101300000001902465505584161
140638751729432189207547000042307925274805700061221082 
149594822902433610171534000066707925274805700071220383 
99999
000010008016708024195320-000552000000001842465406374231              
144761774014432831256790000063807925274805700150250385               
99999
0000103080167080241953200000042800000000242465403424141              
176713231615438933591791000034307925274805200120254080               
99999
0000103080177080241953200000033500000000402465405364151              
117791002151410583052704000053607933273105700090251355               
99999
0000103080187080241953200000031900000000412465404204111              
113832828377397708916376000048207937273105200170222902               
123435957579397929616074000034807940273105200090222801               
99999
0000102080187080241953200000033400000000262465405725191              
139089801919397195839203000057207940273105300080250390               
99999
0000103080187080241953200000031900000000412465401802121              
189993141993403411975524000018007946273105500120245386               
99999
0000103080187080241953200000033300000000382465405054171              
240454922539411489780368000037307946273105400090250085               
256336027561414549879937000061007946273105400110221684               
99999
0000103080307080241953200000031700000000272465407114101              
500867217703660908336386000071207937279003800100242280               
99999
0000102080307080241953200000033800000000082465405155141              
514796034163662178652825000051507937279603100120220281               
