99999
0000103030537941770153200010836300000001802301101911101              
094153040004421245566642000019109646274407800190229900               
99999
0000103030537845780153200015574500003001232764103931371              
099083916789424422325774000039308762272403200200220900               
99999
0000103030537845780153200015576400003001292764102901401              
105119324874424130143271000029008762272203300160221000               
99999
0000103030537941770153200010838000000002352301104093141              
106428040004421022219283000040909647274307800200222346               
99999
0000103030537845780153200015574900003001372764102241391              
112188217554423853670414000022408764272203300170221600               
99999
0000103030537941770153200010838000000001372301102673171              
120286040004421051426047000026709648274407800630262258               
99999
0000103030537845780153200015576700003001292764102771481              
123940805193423553653407000027708764271903500210222600               
99999
0000103030537845780153200015574800003001282764103871481              
131913080411423465237957000038708764272203400230221100               
99999
0000103030537941770153200010838000000001772301103173171              
134033040004421377379252000031709649274807600320232766               
99999
0000103030537941770153200010838000000002022301102783121              
146018040004421902535481000027809648274607600200231561               
99999
0000103030537845780153200015576700003001332764103711381              
155535993453423756827387000037108765272403400200221500               
99999
0000103030537845780153200015574800003001322764103681421              
170273632928424359155463000036808767272703300220221500               
