99999
0000103031577845780153200015569200003001232764103741421              
691449612032501894411449000037408775288607400220221600               
99999
0000103031577845780153200015573500003001252764103401351              
703762512670503003547486000034008775288207500210224600               
99999
000010003158708024195320-000184900000001452465104365271              
070621749274486763250759000043607988291806300090210603               
99999
0000103031587845780153200015575000003001302764103531331              
770584906818477275484651000035308765288405200110222200               
99999
0000103031607845780153200015564800003001262764103521361              
725297227322412889925688000035208784289807000370223700               
99999
0000103031607845780153200015570500003001262764104031271              
732179343730413053500279000040308784289706900340223400               
99999
0000103031607845780153200015572400003001242764102821311              
744439304010413519408386000028208785289706700180221800               
99999
0000103031607845780153200015576200003001152764102211261              
751556045310413890372458000022108784289706700140222600               
99999
0000103031607845780153200015576100003001192764102381371              
760812974887414480457535000023808784289806600180222400               
99999
000010303161708024195320-000177400000002052465104675221              
237972250406410580627374000046707994287806500110240084               
99999
0000103031617845780153200015565700003001362764103581441              
666938466660395590589711000035808785291805500740221900               
99999
0000103031617845780153200015573800003001292764103691481              
679561853320394355944293000036908787291305300480222200               
99999
0000102031617845780153200015574600003001202764102201231              
688392819549392484526785000022008785291305200210222300               
99999
0000103031617845780153200015577900003001242764103141381              
698592216413392933126666000031408785290905300280221400               
99999
0000103031617845780153200015578600003001102764102891421              
724809233240391864458118000028908787290805000520223500               
99999
0000102031617845780153200015576300003001172764102401301              
731565857836390620286414000024008787290405100280223400               
99999
0000103031617845780153200015574100003001192764103231311              
740190261876391725072644000032308789290405000430222800               
99999
000010303162708024195320-000175500000002002465105335111              
249009085245388278836567000035107987292905200050220198               
256041341767389453734879000066707987292905200050220610               
99999
0000103031627845780153200015565800003001162764102391421              
736713986401379197336069000023908794290906000260221900               
99999
0000103031627845780153200015564500003001372764102781441              
777285204296378783787273000027808795291805400330221900               
99999
0000103031717845780153200015559000003001222764101611281              
114980607889577561270465000016108785291402900110222300               
99999
0000103031727845780153200015564400003001432764103461371              
093079859598612311953751000034608735294202000140222400               
99999
0000103031727845780153200015570200003001342764102941341              
106515098278610908135092000029408734293802000120222100               
99999
0000103031727845780153200015571200003001302764102571301              
112923530258610315530140000025708734293302000210225000               
99999
0000103031737845780153200015568200003001142764101791421              
108426713602637995333735000017908724290902900060229900               
99999
0000103031737845780153200015570600003001332764101851371              
123863910118636087386344000018508724291102700050228200               
99999
0000103031747845780153200015565500003001392764103431431              
107442052174658704931548000034308747291205100160226600               
99999
0000103031747845780153200015570000003001262764102051271              
112911865551657813604244000020508747291404600130228400               
99999
0000103031747845780153200015570900003001262764102931431              
122274539240656351928225000029308747291604100180226800               
99999
0000103031747845780153200015572400003001262764103131331              
130855193650655088519115000031308747291404400270226300               
