99999
000010306009708024195320-000050500000001992465102262191              
103318957264516238136936000013407988283302500040221983               
113960422279516817189466000029007991283302500050231180               
99999
000010206009708024195320-000042800000002122465101275111              
134461889534517819768484000016807991283002400030240699               
145896534742519039224467000006507991283002400030239992               
99999
000010306009708024195320-000037800000002912465101815231              
228584715262534226816659000022307993283002200040244075               
240918079270537086778518000012607993283002100030240177               
99999
000010306010708024195320-000062900000002452465106005091              
145819771802543179069675000060108048273105600080250586               
99999
000010306011708024195320-000070200000002852465105205071              
322135841231590564301105000052008002280402400090231127               
99999
000010306011708024195320-000068700000002582465104435231              
334981846391593635785711000044308000280802300090221176               
99999
000010306018708024195320-000060900000001852465103734241              
258888057858666366698122000045808004278001600060220804               
266322460035665118108535000026208004278001600040220345               
99999
000010306018708024195320-000063600000002142465102812131              
331555181351657826878389000028207998278001800100242098               
99999
000010306019708024195320-000066800000001672465103865351              
285096567753660870428511000042907971283501400040220586               
293354770125659438991420000033807971283501400050222383               
99999
000010006019708024195320-000061800000001872465104004151              
323643773919654906588540000040007964283401300070231687               
99999
000010306019708024195320-000066500000002132465102562171              
383865656038651045101023000025607962282601500110262365               
99999
000010306020708024195320-000066100000002542465104285141              
287633123250652860807735000038007947282101800040220572               
295917910297651123421403000047107947282101800050221468               
99999
000010306020708024195320-000068600000002452465104411121              
366567723744640353646260000047007950280301800110226172               
374260136969639678939809000041107950280301800060229910               
99999
000010006020708024195320-000064700000002142465104691121              
387269303117638867561198000047007951279501800050219909               
99999
000010006020708024195320-000063700000002142465105465111              
387406129098638859854534000054607951279501800030219918               
99999
000010306020708024195320-000064000000002792465105395211              
426477075567637952903340000067607952278801900060230201               
437189989432638218873650000035407952278801900050240611               
99999
000010306022708024195320-000066300000002392465103381171              
375211237766598215939454000033807971274808700040289920               
99999
000010306022708024195320-000072700000002762465104431161              
448951947258589825062979000044407977274408300100229929               
455079168787589551451632000044407977274408300060229919               
99999
000010006022708024195320-000082400000002422465100765101              
474430157331589652559769000007707978275008100030249913               
99999
000010006022708024195320-000078000000001842465100331051              
478357862821589650396883000003307978274808300040229926               
99999
000010306022708024195320-000073700000001982465102345221              
486772621657589202567035000023507981274808400030229906               
