99999
000010301277708024195320-000192100000002182465103595261              
431829728353611991464515000036007991288908200080220697               
99999
000010301280708024195320-000185800000001872465105765351              
320988188393529158563948000041908016287808800050221310               
332535828993527839968515000069908016287808800050240019               
99999
000010301281708024195320-000185200000002202465104444111              
310768443114507499166475000044508014289507500090242690               
99999
000010001281708024195320-000187800000002492465100735261              
353302696746501166000070000007308006288808000030229963               
99999
000010301281708024195320-000184800000002382465103835281              
380548497144498175500377000038308006288308400070251695               
99999
0000103012817845780153200015555900003001342764103421371              
825298136343509909816101000034208739282909900160222200               
99999
0000103012827845780153200015557900003001262764103621431              
008300108053499475213193000036208735283609000290224500               
99999
0000100012827845780153200015559600003001342764101901371              
014866665359498258133725000019008735283708500090229900               
99999
0000103012827845780153200015561100003001292764103641351              
019957010695497063506726000036408735283908000290224500               
99999
0000103012827845780153200015559100003001312764103271341              
050656725726491215587808000032708737283607400360226200               
99999
0000103012827845780153200015558300003001342764103371391              
091305138472484896686442000033708732283706900140221600               
99999
0000103012827845780153200015557800003001342764102671451              
114333203772482179925638000026708732283706600590229900               
99999
0000103012827845780153200015559300003001362764103521391              
122297014092481399630318000035208734283206600210229900               
99999
0000103012827845780153200015558100003001272764103501341              
131184546930480628918413000035008732283406600580227500               
99999
0000103012827845780153200015560600003001242764103081321              
149566144498479377242205000030808735283206300520227100               
99999
0000103012827845780153200015561200003001222764102881341              
155953171124479051952185000028808735282406600320224500               
99999
0000103012827845780153200015558100003001382764102911401              
178028265640478367024972000029108735282706900520227700               
99999
0000103012827845780153200015557400003001332764103371381              
183802672623478300201292000033708737282706900400227100               
99999
000010201283708024195320-000180800000002332465102901131              
356592301952452137711274000029007986290005100190249986               
99999
000010001283708024195320-000176900000002242465101682221              
372805006124449997310533000016807989290305100050259993               
99999
000010301283708024195320-000179000000002162465100943191              
396611866148445924577786000009507989289805300040239936               
99999
000010201283708024195320-000176600000002592465101871291              
445367748578438666745076000022307996288406000090229927               
450582412802438243076671000014307991288406000120229979               
99999
000010301283708024195320-000181200000002382465103051111              
462489568957438705623839000030507994288606200130249928               
99999
000010001283708024195320-000187100000002092465106025151              
479403665521437900113222000060207999288606300060240578               
99999
0000103012847845780153200015552600003001312764102321291              
058400071335445936652175000023208857286108500100229200               
99999
0000103012847845780153200015559100003001302764103301291              
069478293205443541590633000033008855286207600140225700               
99999
0000103012847845780153200015557100003001312764102361331              
159962920887427482621159000023608850285606500500229900               
99999
0000103012847845780153200015557900003001272764103081461              
186230985776424464109123000030808850285704900140224500               
99999
0000103012847845780153200015558200003001302764102591391              
193497406765423787657765000025908850286104500140224800               
99999
000010201284708024195320-000189600000002162465102935291              
492120006753410309587994000029408006285607900080262284               
99999
0000103012857845780153200015559200003001202764102261341              
099835774654419865484672000022608849287204100100224600               
99999
0000103012857845780153200015559100003001222764102851401              
107927796775418149751285000028508845287904300090222900               
99999
0000103012857845780153200015559800003001232764102481471              
129140054938413845602519000024808847287205500430229900               
99999
0000102012857845780153200015561400003001212764101981371              
135574179642411290489986000019808847287105400140227200               
99999
0000103012857845780153200015561300003001202764102451291              
149543072934410031880573000024508847286205300430229900               
99999
0000103012857845780153200015560900003001162764102581431              
156037064892408896784508000025808847286705000150227000               
99999
0000103012857845780153200015561100003001242764102681361              
162145886660407867013549000026808847287704500330229900               
99999
0000102012857845780153200015560900003001202764102161311              
171005158346405117382150000021608847287603800120225800               
99999
0000103012857845780153200015559500003001332764102211361              
177847595088405400814308000022108847287603800540229900               
99999
0000103012857845780153200015558500003001172764102191441              
189129615601403800607982000021908847287903600090224700               
99999
000010301285708024195320-000184400000002312465102321101              
408411927343406255724630000023307946288405800090239991               
99999
000010301299708024195320-000179800000001932465102332321              
078121749775660145464940000023308051290004800100234062               
99999
000010001299708024195320-000183100000001812465105555241              
089645049952660232066563000045408054289605000060221077               
095594385209660286943348000064208056289605000060220089               
99999
000010301300708024195320-000186300000002172465104505091              
057593991722663111754929000045008079289307400100260088               
99999
000010301300708024195320-000191500000002202465107425051              
174011236976662397544730000074308089286609600070220494               
99999
000010301302708024195320-000192500000002042465105244071              
153406320395637060185512000066308069288008600080220067               
159567447839636821031182000033308069288008600030220888               
99999
000010301303708024195320-000189600000001862465105174261              
146233203254619891906437000052108074290107300070230059               
158726514256618691690015000051508071290107300110250365               
