99999
000010300250708024195320-000183300000002202463100921991              
050293090804639270409420000009308031300004500050209947               
99999
000010300251708024195320-000180400000002552463102292091              
043020657298655946448403000022908016299904200090238594               
99999
000010300251708024195320-000178800000002892463102202181              
095322598320656932515063000022008024299004200130213053               
99999
0000103002517845780153200016513500003001272764103571321              
742614668831673263712028000035708706286804700190221800               
99999
000010300252708024195320-000183600000002762463103474211              
031496016951666699093693000034808004299104700190243904               
99999
000010300252708024195320-000181000000002522463102882091              
079756534464663692745742000028908001297305200120244595               
99999
000010300252708024195320-000179800000001992463103954351              
140482928667665408744081000039508009295905700100241291               
99999
0000103002527845780153200016513000003001452764103271251              
666024744879673662119913000032708777284805000240220700               
99999
0000103002527845780153200016512700003001432764102901281              
705145519439672016805683000029008785284205300160220800               
99999
0000103002527845780153200016513000003001512764103841251              
719422865373671950766672000038408788285005200250221800               
99999
0000103002527845780153200016511800003001352764103241271              
738995466272672328302547000032408790286104800190221200               
99999
0000103002527845780153200016511900003001462764103781391              
756398454825673112076450000037808793286404600180220800               
99999
0000103002527845780153200016510900003001442764103651321              
764126785877673592135241000036508795286104700210221000               
99999
000010300253708024195320-000185100000002332463104074091              
055674050857666687292597000040807981296805300130231611               
99999
000010300253708024195320-000184200000002142463102135041              
108266236903662662694725000018407986295305900050223095               
119687585529662391416493000024107989295305900080232109               
99999
000010300253708024195320-000179800000002062463102983261              
160007323879663197851071000016207989294406200070232891               
174509892468664148254280000039007989294406200120241398               
99999
0000103002537845780153200016509700003001312764103281341              
749837114001664941258622000032808816287105000350221100               
99999
0000103002537845780153200016509300003001352764102731331              
787049883518665881970615000027308812286905100370221600               
99999
0000103002537845780153200016509100003001382764103191351              
795624410330666370585043000031908812287204900400221700               
99999
0000103002547845780153200016508400003001402764102131241              
712918736670654425290685000021308777288305300200222500               
99999
0000103002547845780153200016507800003001412764103431321              
720441535560653705453417000034308777287805500290221300               
99999
0000103002547845780153200016511600003001422764102591321              
757607517005651302605822000025908777287305700320222900               
99999
0000103002547845780153200016508800003001362764103101311              
768352168647650976692294000031008777287104500460223300               
99999
0000103002547845780153200016509500003001262764102921371              
780036975191650812939918000029208776287603800370222800               
99999
0000103002547845780153200016509700003001312764103951391              
797450482442650936528357000039508775288004600260221600               
99999
0000103002547845780153200016509400003001382764103491421              
805072576579651127679327000034908773287504800310221600               
99999
000010300260708024195320-000183500000002592463104744211              
261214221125522128606545000047508036291607700160250559               
99999
000010300260708024195320-000177300000002312463105414071              
375671571619518977805165000037408029290808800080220606               
387819642998520009285700000066808036290808800100230191               
99999
0000103002627845780153200016510000003001402764103491221              
848763710714479030391047000034908677285605000140222500               
99999
0000103002637845780153200016511400003001412764103401201              
018262725974472668465132000034008677284405200220223900               
99999
0000100002637845780153200016510700003001362764101641271              
027821488195471561151597000016408677285105200070227100               
99999
0000103002637845780153200016511000003001342764102541221              
034428285983469989701723000025408677285205200170223200               
99999
0000103002637845780153200016509400003001352764102921361              
049784162431467719458894000029208676285305200430228700               
99999
0000103002637845780153200016510600003001412764103001171              
059794157185466394556662000030008676284705900320226600               
99999
0000103002637845780153200016510600003001422764103311221              
065988611133465638892675000033108676284505700310225900               
99999
0000103002637845780153200016510200003001382764103351271              
109663456482461798976072000033508673283905900220223600               
99999
0000103002637845780153200016511500003001482764102731331              
116329977788461452218670000027308673284405700150223000               
99999
0000103002637845780153200016511800003001432764102751331              
122116577299461204021875000027508675283805500160224200               
99999
0000103002637845780153200016512900003001682764103671441              
141873788016460728117097000036708676283906000180222200               
99999
0000103002637845780153200016510800003001582764103171351              
153830161613460718861936000031708676283206300130223200               
99999
000010300265708024195320-000192400000001892463103254221              
474688613962417104560555000032607984285109200090242393               
99999
0000103002667845780153200016510600003001322764102171271              
070440405851430136368344000021708747283204200190228500               
99999
0000103002667845780153200016512000003001382764102851341              
086166816823427104752160000028508750284403500300229200               
99999
0000103002667845780153200016513100003001442764102161271              
093160586696425809845496000021608748284503400430229900               
99999
0000103002667845780153200016513200003001432764101851321              
100389368488424510316437000018508748284503400140229900               
99999
0000103002667845780153200016512600003001352764102581371              
114047379605422173775831000025808748283803600210229300               
99999
0000103002667845780153200016513100003001362764101821301              
183572965506413307834727000018208752284603100230229900               
99999
0000103002667845780153200016511300003001352764102741311              
199021660819412148544089000027408757284503100340222100               
99999
0000103002677845780153200016509300003001372764101281391              
098845406834422006502888000012808783285403400170229900               
99999
0000103002677845780153200016508700003001412764101551371              
105511079706420707772590000015508783285103500210229900               
99999
0000100002677845780153200016510800003001442764101881371              
112158199441419159247031000018808783285302900130229900               
99999
0000103002677845780153200016509800003001442764102401371              
118468006606418255537543000024008782284902900110226500               
99999
0000103002677845780153200016509900003001302764101591421              
130611796639416058334490000015908782284603200130229900               
99999
0000100002677845780153200016509400003001382764101861421              
151137756709412328255560000018608781284303200140229900               
99999
0000103002677845780153200016509800003001322764101961441              
157898791979411558116037000019608780284503200180229900               
99999
0000103002677845780153200016510100003001352764102301211              
170046546144409781666354000023008780284903100460229900               
99999
0000103002677845780153200016510000003001402764102741241              
189827544771407232306008000027408780284603000440229900               
99999
0000100002677845780153200016510500003001412764101711231              
197604999289406073106127000017108781284503200150225600               
