99999
0000103100637080241953200000084800000001572465403793312              
364584757192460873449662000037907968283803200140250007               
99999
0000103100637080241953200000084800000001572465403793312              
364584757192460873449662000037907968283803200140250007               
99999
0000103100797080241953200000071900000002142466402271202              
073103120783557705342776000022707925284202700040229978               
99999
0000103100847080241953200000066100000001292466403393232              
142457534894404487327370000022007987274607400030230078               
153229337259405166413398000042607987274607400070230086               
99999
0000103100847941770153200010844500000001562301202461181              
683964040000391385266728000024609635282308900360238493               
99999
0000103100847941770153200010844500000001242301202911131              
696512040000391097419236000029109636282208801110268274               
99999
0000103100847941770153200010844500000001322301202931141              
712781040000391085989245000029309638282008900800239993               
99999
0000103100847941770153200010844500000001432301202881201              
721016040000391234858011000028809638282008900570239974               
99999
0000103100847941770153200010844500000001892301203342231              
730965040000391551531633000033409639282208900280234268               
99999
0000103100847941770153200010844500000002072301203431131              
738429040000391885975425000034309640282008800230236985               
99999
0000103100857080241953200000076200000001592466403713252              
169318333038383110546861000024907989281502700130230177               
177973770536383630961488000046207989281502700080230004               
99999
0000103100857080241953200000074100000001482466404033162              
232225329502389593078993000038807983281702800130230093               
241639947786391055321492000041807982282202600080230084               
99999
0000103100877080241953200000069000000001452466402873282              
193771080135365534991291000034008017277204600060230064               
203750061344365694609430000022308017277204600070230053               
