99999
000010304006708024195320-000059300000001762467103763251              
187341348914639305257576000037608032273305700120211276               
99999
0000103040107845780153200015583200003001152764102921271              
803804070937572469720801000029208742276802700390221200               
99999
0000103040107845780153200015578200003001162764102781361              
810903538388571030245065000027808742276802700370221400               
99999
0000103040107845780153200015579300003001162764104041291              
825987891057568105196303000040408745276002900410221300               
99999
0000102040107845780153200015581200003001152764102201151              
832070717832565341863459000022008745275802900220221200               
99999
0000103040107845780153200015579700003001142764103211291              
838860348261565770622898000032108745276502800380221100               
99999
0000103040117845780153200015580800003001172764103101241              
004279333939561087237875000031008742275803000330220800               
99999
0000103040117845780153200015577100003001052764103291301              
042914644169556547759285000032908745275802900290220800               
99999
0000103040117845780153200015578000003001112764103831271              
050508706584555893690705000038308745276302800340220800               
99999
0000103040117845780153200015586700003001222764103361331              
120163870834553824123781000033608742276802400270221000               
99999
0000103040117845780153200015583200003001272764103691361              
143471788295554717143646000036908737276802400240220900               
99999
0000103040127845780153200015581900003001202764103681341              
025448320655539644499982000036808710280604600280221400               
99999
0000103040127845780153200015581100003001162764103011181              
084822740580532792492744000030108705280603800300221500               
99999
0000103040127845780153200015587400003001182764102831381              
123257248926531073879037000028308705279903900150220600               
99999
0000103040157845780153200015576700003000992764101901471              
156336335741462120355714000019008599271804900070223200               
99999
0000103040157845780153200015576700003001112764102851371              
165565281880461351522942000028508599271805000220228900               
99999
0000103040157845780153200015581900003001222764103111271              
184026804242460195981267000031108602271804600240227300               
99999
0000103040157845780153200015582400003001202764103021211              
199575841376459624653660000030208605271604500280227300               
99999
0000103040157845780153200015581900003001232764102811341              
222648168777459457158470000028108610271404300330229900               
99999
0000103040157845780153200015582200003001182764102531311              
234671496215459688457372000025308610271803900350229900               
99999
0000103040157845780153200015582500003001152764102411281              
242649774840459959974733000024108610271903500320229900               
99999
0000103040167845780153200015578300003001062764102791431              
185227677220439527316315000027908670274602000120223500               
99999
0000103040167845780153200015578900003001032764102301331              
207888886108437924130544000023008672273502000160227600               
99999
0000104040167845780153200015577000003001032764101581331              
215205927024439341477189000015808672273402000080225900               
99999
0000103040167845780153200015579600003001162764102801401              
223059882356437273837808000028008672273302000410229900               
99999
0000103040167845780153200015579500003001142764103211331              
236145462122436988610557000032108672273302000150224900               
99999
0000102040167845780153200015578200003001102764101731291              
244103587315435969704706000017308672273302000140226400               
99999
0000103040287845780153200015576500003001212764103381391              
667529628098623281607565000033808557268603900090223500               
99999
0000103040287845780153200015587500003001272764103591501              
715819997709629818641212000035908570268204400110222500               
99999
0000103040287845780153200015579200003001292764102691501              
723139277556631056983861000026908570268104400100223900               
99999
0000103040287845780153200015575200003001152764102801341              
731976418758632628358341000028008570268104300090223400               
99999
0000103040297845780153200015575900003001292764102701461              
638843655555638382166137000027008610268902000160226500               
99999
0000103040297845780153200015576800003001342764102351431              
651613490829638682552642000023508615268602000320224100               
99999
0000103040297845780153200015579900003001302764103441441              
682940781214640433286026000034408627266902000230222100               
99999
0000103040297845780153200015577600003001292764102421441              
696173287971641593204937000024208630266602000210224100               
99999
0000103040297845780153200015577500003001302764102641391              
718898459671644134371596000026408637266102300190223000               
99999
0000102040297845780153200015578600003001422764101361411              
726300946893644687641600000013608640266002500100227500               
99999
0000103040297845780153200015577000003001352764103341371              
733114691064646054724710000033408640265902500320222400               
99999
0000103040297845780153200015578300003001392764102981541              
742726714529647486624687000029808644265902400360223600               
99999
0000102040297845780153200015578800003001352764101841481              
749274414607648090811860000018408647265702400090225200               
99999
0000103040297845780153200015579800003001302764102291451              
757494062288649880259174000022908649265602400220223000               
99999
0000103040297845780153200015582600003001452764103391451              
764087627179651019308265000033908650265502200210222700               
99999
0000103040297845780153200015585000003001432764102881431              
771732855752652390137106000028808654266602000250223600               
99999
000010304031708024195320-000062900000001902467104044121              
122050927970649232042937000027307933278104800090240579               
131121701830650014153991000050307933278104800070222247               
99999
000010304031708024195320-000063900000001952467105025181              
186062470336657363802182000050307929278303900060230479               
