99999
0000103040617845780153200015415000003001082764102861301              
679312803330624010411299000028608700268605900220221400               
99999
0000103040617845780153200015417900003001222764102561341              
861612662091633883126474000025608720268502900160221600               
99999
0000103040627845780153200015411000003000962764103051251              
687747043570603480957613000030508770269605900120221000               
99999
0000103040627845780153200015411600003000912764102761331              
694348617323602860233636000027608772269605700440222400               
99999
0000102040627845780153200015414500003001012764101941251              
710767114618600020272916000019408772270105600170221200               
99999
0000103040627845780153200015412800003000972764102841411              
719572306655601017135436000028408774270005500310221500               
99999
0000103040627845780153200015411900003000882764103331361              
735381735559600300416609000033308775270005000420222000               
99999
0000103040627845780153200015413000003001012764103101101              
752302725770599913457771000031008775271204000270221300               
99999
0000103040627845780153200015416700003001182764102921371              
855418130721605577375676000029208782271303500220221200               
99999
000010304063708024195320-000058900000001582465105244271              
081772509836596197679208000052407938281606600150260107               
99999
0000103040637845780153200015416600003001092764102991441              
678514126195581523511623000029908770274902800420221500               
99999
0000103040637845780153200015411700003000892764103361391              
690659496065579750941313000033608770274802700430220800               
99999
000010304069708024195320-000051200000002512465105354151              
244936881941446270142765000056908058282505100080220588               
253181645810445051354576000049908058282505100140221978               
99999
000010004069708024195320-000055900000001862465103654311              
266480672771443069734384000036608058282904900130251700               
99999
000010404069708024195320-000049900000002432465104634311              
286229861238442969532615000046408055282904100120230786               
99999
000010304069708024195320-000063500000001042465104844211              
368329132825440384949899000050908049281904100060220093               
381306912828441351415642000045808049281904100140250470               
99999
000010304069708024195320-000055200000002092465105554241              
429011410093447246702897000045408055282104300090220866               
439565365971448997217272000064208055282104300090221594               
99999
0000103040707845780153200015418600003001232764102871371              
042025571578441328645964000028708717271305800250221500               
99999
0000103040707845780153200015413700003001042764103441261              
089262980438439939789629000034408710271705400330222100               
99999
0000103040707845780153200015416100003001142764102981321              
095983657396440016611678000029808710271905300530221400               
99999
0000103040707845780153200015414100003001032764103081201              
103060651880440171093127000030808709271405700400221800               
99999
0000100040707845780153200015414100003001082764101841241              
109709408110440263226612000018408709271305900210223900               
99999
0000103040707845780153200015416000003001142764102981311              
130182380352441449442223000029808707270606200490221400               
99999
000010304070708024195320-000055300000002102465103744081              
268424942676437903494944000037308021280306200110223579               
277086908389436629111022000037608021280306200080221065               
99999
000010004070708024195320-000056500000001802465104415101              
314536610553432343956658000044108013281006200080240054               
99999
000010304070708024195320-000047200000002732465106464191              
327642341716431601910629000070908010281106300100220948               
335728732293431204339636000057708010281106300050220056               
99999
0000103040717845780153200015413300003000882764103011271              
087157007860436456412462000030108655269607400250221100               
99999
0000103040717845780153200015415600003000942764102641371              
102891246184436067451014000026408652269305700320221600               
99999
0000103040717845780153200015415700003001132764103171291              
110212551510436010461701000031708652268605800410222700               
99999
0000100040717845780153200015411500003000922764101441241              
117084746376435984265718000014408650268605800120225300               
99999
0000103040717845780153200015411900003000962764102841401              
123591544009436110107240000028408650268905800320221900               
99999
0000103040717845780153200015411900003000962764102701351              
140240127558436599504573000027008647268605800420223800               
99999
0000100040717845780153200015412000003001012764101481151              
147836452212436927477233000014808647268605900130222400               
99999
0000103040717845780153200015413300003001072764103031211              
155977365618437427752331000030308645268906000230221300               
99999
0000103040897845780153200014588000003001312764102751441              
635720296626623436846605000027508705279502700260223900               
99999
0000103040897845780153200014581900003001102764102881471              
643094724899623040227805000028808705278702700310225300               
99999
0000103040897845780153200014581800003000952764102101431              
653896389452622591778598000021008702278402700350227500               
99999
0000103040897845780153200014579700003001102764102781511              
703746930225622570663495000027808702278102000160224500               
99999
0000103040897845780153200014579700003001102764102781511              
703746930225622570663495000027808702278102000160224500               
99999
0000103040897845780153200014587900003001462764103131511              
720041938535623277124005000031308700278202000290226300               
99999
0000103040897845780153200014575100003000862764102641481              
757527943070626127269895000026408697278702000260224900               
99999
0000103040897845780153200014575100003000862764102641481              
757527943070626127269895000026408697278702000260224900               
99999
0000103040897845780153200014581800003001102764103101321              
798879959421630975100438000031008695279202000500228400               
99999
0000103040897845780153200014581800003001102764103101321              
798879959421630975100438000031008695279202000500228400               
99999
0000103040897845780153200014587700003001402764102101391              
826847974229635027344658000021008694278102000150224400               
99999
0000103040907845780153200014580700003001212764103351311              
775190481646599530283207000033508725275605600270222800               
99999
0000103040907845780153200014580900003001152764102741381              
795733541450601346796665000027408725276105300250224600               
99999
0000103040907845780153200014580900003001152764102741381              
795733541450601346796665000027408725276105300250224600               
99999
0000103040907845780153200014581000003001232764102811271              
811395498029603028477892000028108725276105500260223300               
99999
000010304091708024195320-000052600000001972465104905251              
069315371643588521336868000049008023285502300100230573               
