99999
0000103120617845780153200007636800003000742764103391441              
660456338210609331860886000033908810283205300280222500               
99999
0000103120617845780153200007636700003000832764102801381              
681625934264609279645193000028008810282905500680226600               
99999
0000103120617845780153200007636800003000812764103131341              
718749418599610669044457000031308814283005600450225500               
99999
0000102120617845780153200007636700003000832764101571401              
726316611166610269205647000015708814282705700270229900               
99999
0000103120617845780153200007636700003000832764102891471              
739704376028612230925694000028908815282705400410224200               
99999
0000103120617845780153200007636700003000832764102631391              
767048902018615015848716000026308816283005300370224300               
99999
0000103120617845780153200007636700003000832764103251381              
795520431578618676131700000032508817283605000350222700               
99999
0000103120617845780153200007636800003000812764102911391              
826669655907623353038759000029108818283605100250222300               
99999
0000103120707845780153200007633800003000702764103581381              
032758846049381807671060000035808841275103400410221200               
99999
0000103120707845780153200007632400003000622764103101221              
041192365376381819612754000031008840275103400380221700               
99999
0000103120707845780153200007633900003000752764103511371              
084970378453383603234961000035108836275003200270221000               
99999
0000103120707845780153200007632400003000602764103141241              
092359169728384180894258000031408834275303100300220900               
99999
0000103120737845780153200007629700003000602764102151361              
165008755197422625345670000021508785284002200500223600               
99999
0000103120737845780153200007630900003000692764103011351              
171560538096423075226191000030108785284202100610223000               
99999
0000100120737845780153200007630200003000652764101921291              
178708489720423314286493000019208786284402100240228600               
99999
0000103120737845780153200007630200003000572764102851361              
185422145808424221547158000028508787284402000830226100               
99999
0000103120737845780153200007631000003000692764102441331              
196835216746425359112530000024408789284402000550223800               
99999
0000103120747845780153200007631400003000812764102921351              
172333746385446888237295000029208802280304000260224000               
99999
0000103120747845780153200007630900003000702764103031301              
179041259241447105640732000030308802280204000320223500               
99999
0000100120747845780153200007630800003000772764101231331              
188607871951446991985239000012308803280304000130229900               
99999
0000103120747845780153200007630600003000642764102441341              
198058260911448065221891000024408804280204000220221900               
99999
0000103120767941770153200010856200000002442301203723211              
153787040000500158140924000037209702280006700170221545               
99999
0000103120767845780153200007634000003000702764102121261              
200184460394501829072031000021208825280203401330229900               
99999
0000100120767845780153200007633900003000792764101691511              
208564037148500757049434000016908826280403300310225800               
99999
0000103120767845780153200007633900003000842764103041411              
233741924779501623602733000030408828281802600410221300               
99999
0000103120767845780153200007634700003000842764102741461              
257322461724502434295631000027408830283103100800224300               
99999
0000103120767845780153200007631900003000842764102361431              
293067871198505160531961000023608833284602600990224000               
99999
0000103120867845780153200007632600003000762764101731431              
651355852096669363802609000017308825282304100120225900               
99999
0000103120867845780153200007631300003000672764101941421              
662262040521671177747265000019408826281904300130228200               
99999
0000103120867845780153200007631800003000762764101841461              
678311348844674003235503000018408827281904700170229900               
99999
0000103120867845780153200007631200003000742764102291381              
685385848370675299287405000022908828281804600160229700               
99999
0000103120867845780153200007631600003000742764101221341              
701417775600678327977864000012208828281704400110229900               
99999
0000103120877845780153200007631200003000742764102821381              
662328859676659063457574000028208813281404200200229200               
99999
0000103120877845780153200007632400003000572764101611381              
693285242951663706034733000016108814281404700080227600               
99999
0000103120877845780153200007632400003000662764101941441              
710269409385666557198232000019408813281404800110224900               
99999
0000103120887845780153200007632000003000682764102751431              
660980031453640621726954000027508804282703600350229900               
99999
0000103120887845780153200007631700003000662764102221391              
669267565703641442952875000022208803282303800410229900               
99999
0000100120887845780153200007632300003000652764101591411              
678408925652642673382651000015908804281903900480228600               
99999
0000103120887845780153200007631700003000612764103061371              
711276558019646699613010000030608804283403200170226500               
99999
0000103120887845780153200007633700003000642764102551451              
727335962427649114756899000025508804282903100180229300               
99999
0000103120887845780153200007634600003000782764102441481              
734868420223650308729581000024408803282803400210229900               
99999
0000100120887845780153200007632100003000712764102611301              
743407872501651973407142000026108803282903600130222200               
99999
0000103120897845780153200007628200003000752764103351461              
655596972668615860239882000033508720283406000100224400               
99999
0000103120897845780153200007627200003000712764102521391              
666797824127616411349928000025208721283105700110225400               
99999
0000103120897845780153200007628300003000782764102931531              
674731954841616899940140000029308711282705900250229900               
99999
0000103120897845780153200007626700003000642764102621461              
688073698700617898053525000026208721282506100310229900               
99999
0000103120897845780153200007627300003000712764102781481              
698764583627618850362587000027808720282505800320229900               
99999
0000103120897845780153200007628400003000792764103311481              
707436953475619717132182000033108719283505400470229900               
99999
0000102120897845780153200007629100003000802764101271401              
715044558885619708349920000012708719283705200100229900               
99999
0000102120897845780153200007627100003000662764101461431              
721855093222620497374389000014608719283405000090229600               
99999
0000102120897845780153200007628100003000712764101381411              
729652802858621455406456000013808718283404900120229900               
99999
0000103120897845780153200007628100003000752764102881521              
745480136293624399963707000028808718283305100220229900               
99999
0000103120897845780153200007628400003000802764103601421              
752641176621625419520691000036008718283205200340229900               
99999
0000103120907845780153200007628700003000812764103211351              
673581956066585922593573000032108688284307300140221400               
99999
0000103120907845780153200007627300003000692764103561441              
712907318874587677299073000035608690284406100190222500               
