99999
0000103102137080241953200000097700000002642467401274242              
336165608763625497267534000006308018290606800030220078               
346095856714624070703875000016808017290206900050220075               
99999
0000103102147080241953200000067400000001422467401931142              
434489777515590244182853000019308031293503800090263090               
99999
0000103102307080241953200000065800000001182467401883232              
065617175642558728777563000001408022295205900030220076               
073990338826559135818999000026608022295205900050220097               
