99999
0000103020037845780153200015565500003001132764103791341              
071117496160394068797443000037908755274302000320220600               
99999
0000100020037845780153200015563800003001272764102011211              
150724224675393972345667000020108749273902000090223200               
99999
0000103020037845780153200015562700003001292764103591381
212359047386401443545533000035908752273302000230222300 
99999
0000103020037845780153200015562100003001372764103321221              
219107407650402464450492000033208752273302000190221500               
99999
0000100020057845780153200015562400003001162764101551241              
032901707408432828868368000015508827269106600170229600               
99999
0000103020057845780153200015562600003001162764103021231              
039541656711432839001992000030208827269106500530221400               
99999
0000103020057845780153200015563600003001042764102531261              
046396703943431803739342000025308827269106600430221600               
99999
0000100020057845780153200015563600003001082764102531271              
053655647275429707560929000025308827269306300140224600               
99999
0000103020057845780153200015562600003001162764103101221              
061484532565429685291442000031008830268906000390222000               
99999
0000103020057845780153200015564900003001172764102591401              
077396602737427715066187000025908830269105800760223800               
99999
0000103020057845780153200015563600003001132764102451271              
093782451331426000394114000024508830270105100580223300               
99999
0000103020057845780153200015564900003001112764102341271              
110013077812424644043048000023408834271402900800226100               
99999
0000100020057845780153200015565100003001152764101381241              
117526041241423109728306000013808834271302700290229900               
99999
0000103020057845780153200015564400003001152764102931311              
125954548146423665854458000029308834271602501010223800               
99999
0000100020057845780153200015563300003001222764101941241              
136905914612422185660003000019408832270302600660229900               
99999
0000103020057845780153200015565200003001102764102671261              
151178374740422876013229000026708834270602300560224700               
99999
0000100020057845780153200015564900003001112764102121201
160448877388421815917794000021208832271102000280229900 
99999
0000100020057845780153200015564800003001142764101701251              
166248355317421854723634000017008835270802000720229900               
99999
0000103020057845780153200015564000003001152764103301191              
174340643840423000631129000033008835271302000520223100               
99999
0000100020057845780153200015564700003001212764101871301
191615240835422633727745000018708835271002000330229900 
99999
0000100020057845780153200015565400003001142764102421221              
196556828868422900571609000024208835271402000280229900               
99999
0000100020057845780153200015565000003001102764102121111              
219685160926424639521666000021208835271802000420229900               
99999
0000103020067845780153200015560900003001132764102611261              
066299826692454714367195000026108840276602000320224900               
99999
0000103020067845780153200015560600003001212764102151211              
073468465539453636640909000021508839276802001740229900               
99999
0000103020067845780153200015561200003001152764102311191              
089617462661451388478962000023108839276602001380229900               
99999
0000100020067845780153200015563100003001132764101781251              
096384191006449442450859000017808839276602000350229900               
99999
0000103020067845780153200015562800003001102764102141221              
103252083061449704794144000021408839276602001440229900               
99999
0000102020067845780153200015563600003001172764102121251              
110291295557447994812256000021208837276302000200222800               
99999
0000103020067845780153200015562900003001172764102221291              
124480410249447521389854000022208835276802001030229900               
99999
0000104020067845780153200015563700003001202764101821281              
133278651154447838100653000018208835276802000140226800               
99999
0000103020067845780153200015563700003001132764102061261              
140178355580446281674684000020608834277502001030229900               
99999
0000100020067845780153200015562500003001162764102341241              
147586839967444750172172000023408835277502000220229900               
99999
0000103020067845780153200015562900003001172764102311291              
154341597344445456333585000023108834277202001080229900               
99999
0000103020067845780153200015564800003001202764102621281              
168884709643444911577930000026208832276302000510229900               
99999
0000103020067845780153200015565000003001132764102221191              
182318868315444689466401000022208834275302001170229900               
99999
0000100020067845780153200015563700003001102764101721221              
191382461999443651044935000017208832275602000290229900               
99999
0000103020067845780153200015564700003001022764102281291              
197171248163444764588536000022808832275502002180229900               
99999
0000103020067845780153200015564400003001162764102171291              
211180644918445147054298000021708834275602001810229900               
99999
0000104020067845780153200015563700003001092764101601311              
216248589007446437558779000016008832275802000070226200               
99999
0000103020077845780153200015560500003001332764101201191              
123631887048474711130462000012008769279102000080229900               
99999
0000103020077845780153200015562600003001182764102321291
151193089164471774209700000023208759279202000090225600 
99999
0000103020077845780153200015565200003001192764102791401              
157662291891471220981412000027908757278702000220228100               
99999
0000103020077845780153200015562700003001242764103441311              
162184739821470866916909000034408755278602000140224600               
99999
0000103020077845780153200015565600003001062764102141291              
185648539160469480772125000021408750279002000170226500               
99999
000010302007708024195320-000191800000002232465100255101              
418700814413474270430919000002608041278305700030259972               
99999
000010302008708024195320-000195100000002062465102261081              
484940748354495545158469000022608034280307200060259903               
99999
0000103020097845780153200015563300003001172764103421301              
216523796946521795321302000034208862271106600110225000               
99999
0000103020097845780153200015562500003001212764101521251              
222689219688521343637408000015208862271106600050224300               
99999
0000103020097845780153200015562700003001222764103111251
230469086110520843896353000031108862271206700180224500 
99999
0000103020097845780153200015563200003001152764102841321              
239544621615520362606633000028408865271306700130223600               
99999
000010302023708024195320-000192000000002162465102852081              
043979226119568062417348000028507966286504700090235405               
99999
000010002023708024195320-000192500000001842465106425141              
055621199558567793887960000064207974286104800080240215               
99999
000010302024708024195320-000184700000002732465106414181              
193112821570529962013656000071307936284504600060220069               
202518264987531034236656000056107931284504600180240175               
99999
000010302025708024195320-000191700000002232465103695201              
034213786362495821064659000033108056274908600060220177               
044943349303493794928541000040508011274908600080240080               
99999
000010302025708024195320-000194000000002282465105445161              
170644025843483609446314000054508054273808800130240275               
99999
000010302025708024195320-000199700000001962465104375331              
272390912765493377419361000042008014273909000040240170               
283225368457495113039674000045308056273909000060224082               
99999
000010302026708024195320-000176500000002242465105524161              
116404585406445945419350000055208026278606700100230067               
99999
000010302026708024195320-000198300000002292465105395291              
303661836816451144395892000054007976277008300110230078               
99999
000010302027708024195320-000202600000001432465105885181              
089483388035418056172399000067908014282306000050220180               
098328173925416322550871000048308046282306000100220464               
99999
000010302031708024195320-000209200000001792465104815171              
495804997341379620971978000048107976273109000130230206               
