99999
0000103031327845780153200015571100003001342764102631261              
689657081883393193092241000026308737285206500300222000               
99999
0000103031327845780153200015578100003001122764102951341              
714686830802390847638669000029508740285105800350221500               
99999
0000103031327845780153200015578400003001192764103511371              
729709159120389893546435000035108739284904900590222600               
99999
0000103031327845780153200015578900003001112764103361371              
746280610725389244733652000033608737285204600480221800               
99999
0000103031327845780153200015572500003001382764103261351              
764455056953389021857042000032608737284904700570223700               
99999
0000103031327845780153200015577400003001172764103641381              
776557195392389154501788000036408737284704700420221900               
99999
0000103031327845780153200015577100003001262764103441331              
787170612116389452470001000034408737284904600760223800               
99999
0000103031327845780153200015575400003001102764103531271              
804354243247390284878202000035308735285104400340221600               
99999
0000103031327845780153200015575900003001252764103151361              
827188828798392027663064000031508735284904500310221600               
99999
0000103031327845780153200015574500003001172764102891421              
834619374279392742047533000028908735284904500430221900               
99999
0000103031327845780153200015577000003001262764102641331              
842032632350393522546186000026408735284404700470222200               
99999
0000103031337845780153200015571900003001282764103371401              
717840173172369445771210000033708695283702900430221400               
99999
0000103031337845780153200015570400003001342764103541301              
725504049792368689949647000035408695283702800390220900               
99999
0000103031337845780153200015573400003001242764102861361              
739861983265367505421709000028608692283702500970222400               
99999
0000103031337845780153200015576100003001282764103141321              
755786166470366553652658000031408695283402200680222400               
99999
0000103031337845780153200015575700003001272764102941431              
776107241485365903300430000029408692284202000530221700               
99999
0000103031337845780153200015576100003001222764102971361              
782859017414365828169540000029708692283902000570222000               
99999
0000103031337845780153200015576100003001312764103511271              
796928355009365896682194000035108690283702000350220600               
99999
0000103031337845780153200015574600003001272764103311331              
804418806548366056201049000033108692283702000520221700               
99999
0000103031337845780153200015577300003001242764103351341              
816174278748366476250587000033508690283402000400221100               
99999
0000103031337845780153200015576400003001312764103611311              
828104313171367110097834000036108689283202000360220900               
99999
0000103031337845780153200015576400003001242764103491391              
834962173397367566678570000034908687283402000490221400               
99999
0000103031337845780153200015575100003001232764103351291              
841883804503368093983873000033508687283402000370221100               
