99999
000010302060708024195320-000191700000001582465103703161              
397637564378356532727977000037007891282005200110240902               
99999
000010302063708024195320-000190100000001852465103644161              
350791051960457994860591000036408019273103900150242588               
99999
000010002063708024195320-000186200000002052465106325111              
381622442672455731227803000063208019273103800050240058               
99999
000010302063708024195320-000184300000002272465204584231              
437009284666458503324806000036108026273103700070223773               
446244302740459320689531000053808026273103700090221771               
99999
000010302064708024195320-000192000000001032465102012961              
398400025143500280666574000020207994276003700090257069               
99999
000010302064708024195320-000181500000002082465103424131              
442421750792500151747895000034507996276503900050223793               
451214058746500517405004000034107996276503900080228978               
99999
000010302065708024195320-000185300000002112465103911111              
410396740171542597510083000039107976282302600130249985               
99999
000010002065708024195320-000188400000001742465101715201              
424077014943541016003585000017207981282302600030269970               
99999
000010302065708024195320-000188600000002192465103681291              
471587106748541127087438000036807981282102700130249900               
99999
000010302080708024195320-000190900000001812465105544201              
025464477171544127181616000072408021283307300061241765               
037785342574544208401070000030108019283307300041239057               
99999
000010302082708024195320-000192300000002382465104274201              
051878845025467776569020000039207996286306000110234902               
061997059803467089315800000046007996286306000140246596               
99999
000010002082708024195320-000195900000002512465103645221              
104174567626466135919656000036507996284806400070232203               
99999
000010302082708024195320-000196900000002462465102794341              
126403702665466646700994000025707999284306500050252194               
139923854544467385703166000030108001284306500060232067               
99999
0000103020847845780153200015558300003001212764102991431              
710438803299374009959204000029908732272807100340220900               
99999
0000103020847845780153200015560100003001222764103741291
731212197591372108240962000037408734272406900370220800 
99999
0000103020847845780153200015562100003001102764103581301              
737455934910371655866525000035808734272206900350221000               
99999
0000103020847845780153200015561700003001132764103401291              
764610091696370346638892000034008734273106300340220700               
