99999
0000103001877845780153200016509400003001472764103191441              
624179859093423374901562000031908746296502000630222600               
99999
0000103001877845780153200016511800003001672764103391451              
658219574460429228161073000033908747294502000300220700               
99999
0000103001877845780153200016510500003001602764102641311              
718618662133442523335377000026408751291502000140225600               
99999
0000103001887845780153200016505400003001362764102781431              
736897585016482373941327000027808776292603800100224200               
99999
0000103001897845780153200016508100003001562764102371411              
715790185257515078506297000023708696293003800090224300               
99999
0000103001897845780153200016508400003001722764102781471              
735605811695519175466570000027808698292703400100225600               
99999
0000103001897845780153200016509900003001592764102381541              
759786599824524681599555000023808701292503200150228200               
99999
0000103001907845780153200016508700003001452764103741391              
683272641943547572546227000037408647288602400210221600               
99999
0000103001907845780153200016508700003001412764103351321              
690069081129548378191322000033508647288102400160221700               
99999
0000103001907845780153200016510000003001452764103151201              
705353811352550429982408000031508650287802200120223900               
99999
0000103001907845780153200016510400003001452764102671301              
711771253406551387423667000026708652287302300110224600               
99999
0000103001907845780153200016508700003001402764102931341              
717735205941552326322913000029308653287202400120224600               
99999
0000103001907845780153200016509000003001322764102651281              
745929548293557365543651000026508660287202300090224400               
99999
0000103001907845780153200016507600003001432764102301261              
753981057412558972446142000023008662287502200100225900               
99999
0000103001917845780153200016505700003001322764102791371              
657800638391581977413969000027908682289702900570222600               
99999
0000103001917845780153200016505700003001412764102611281              
666415578318582280216853000026108682289403000620223600               
99999
0000100001917845780153200016506200003001402764102291241              
673928299658581365104920000022908682289203100320222100               
99999
0000103001917845780153200016508000003001462764102661341              
682714573665583162935771000026608682289003200310222900               
99999
0000102001917845780153200016507800003001302764101971361              
694095909585583271224889000019708681287903500210227500               
99999
0000103001917845780153200016509400003001582764102931421              
701372062213584666347424000029308681287703600510229000               
99999
0000100001917845780153200016508700003001482764102201301              
708824906815584156901600000022008681288003500240223600               
99999
0000103001917845780153200016508800003001442764102851411              
720627005895586755101415000028508681288003400640229900               
99999
0000102001917845780153200016509100003001422764102311231              
729801982755587181152261000023108680288103300140229900               
99999
0000103001917845780153200016507900003001322764102781401              
737140895356588962172690000027808681287903400810229900               
99999
0000100001917845780153200016509000003001452764102201211              
743784102094588714753795000022008680287603500250223400               
99999
0000103001917845780153200016509500003001362764102811361              
751651327001591200182103000028108682287603600710229900               
99999
0000103001917845780153200016511300003001432764102751281              
766278756998593719910429000027508682287203700830229900               
99999
0000102001917845780153200016511000003001572764101431231              
774309072080594444750913000014308681287403700100228800               
99999
0000103001917845780153200016510000003001412764103191211              
782540037874596805731365000031908680287103900330226900               
99999
0000103001917845780153200016510600003001482764102991411              
791451079947598612478383000029908680287003900370226200               
99999
0000103001917845780153200016510400003001402764102661251              
799081700860600219045241000026608678286804000410229800               
99999
0000102001917845780153200016510400003001442764101301181              
805462460807600832044070000013008677286904000050226500               
99999
0000103001917845780153200016510500003001412764103131201              
812281173711603115554201000031308677287103900320224900               
99999
000010300193708024195320-000182500000002112463104935151              
196549581380626739653904000049408021295606600090240399               
99999
0000103001937845780153200016512300003001372764103341301              
714367886498641222284620000033408631282203500330221900               
99999
0000103001937845780153200016512900003001432764103811351              
739397531934642142718867000038108640282003500270220800               
99999
0000103001937845780153200016511900003001352764102911351              
744878606091642467165659000029108641282103400210221500               
99999
0000103001937845780153200016513600003001372764103321321              
751802249749642939329228000033208642282203300250221900               
99999
0000103001937845780153200016514300003001392764103131311              
771156228789644621444302000031308647282403200290221400               
99999
000010300194708024195320-000175400000001842463105535231              
145957386842640851194669000006108029296506000030221184               
152539978231641223092214000078008026296506000100220257               
99999
000010300194708024195320-000177300000002782463104924291              
197204585947645683693817000049208031296006200100221186               
99999
000010300195708024195320-000181400000002652463104945251              
089943158068660474575916000049408034297506400110230497               
99999
000010300195708024195320-000184800000002082463105205191              
206349484164660354031107000037008049295606400070220465               
214174847737661164841415000063608051295606400070220074               
99999
0000103001957845780153200016504100003001282764103161311              
731168848777674960504546000031608723285604000280221500               
99999
0000103001957845780153200016507100003001222764103131251              
741458523739674502347912000031308725285603700320222400               
99999
0000103001957845780153200016509100003001342764102281351              
811621115110675369942033000022808716286103200490222000               
99999
0000103001957845780153200016508700003001282764102981501              
822844475535676152690521000029808712285803300400221800               
99999
0000103001957845780153200016509600003001322764103381401              
834960445569677188134208000033808708285603500440221700               
99999
000010300196708024195320-000180800000002322463104614161              
159889833880668903614669000046208059295805500110221009               
99999
000010300196708024195320-000179500000002302463105024151              
248764933648672299655282000050308054294805600220250097               
99999
0000103002017845780153200016509100003001342764103731241              
005646484671655151558572000037308742284503500610222700               
99999
0000103002017845780153200016509500003001362764103201221              
018113925862654126660528000032008742285503400540222300               
99999
0000103002017845780153200016510300003001362764103321151              
038775719267652916567461000033208741285003600580222400               
99999
0000103002017845780153200016509900003001342764103291331              
052616756818652454419877000032908740284803600540222200               
99999
0000103002017845780153200016509900003001342764103291331              
052616756818652454419877000032908740284803600540222200               
99999
0000103002017845780153200016510500003001442764103731211              
067708606955652272384551000037308740284503400560222200               
99999
0000100002017845780153200016509200003001322764102071161              
074333254540652714501658000020708740284003500240222500               
99999
0000103002017845780153200016511600003001422764104181211              
083917809292652449547364000041808741285203100490221900               
99999
0000103002017845780153200016510100003001392764103631201              
096004619316652829329371000036308740285303100460222000               
99999
0000100002017845780153200016510200003001532764102371141              
101713145703653506264044000023708740285303200140222200               
99999
0000103002017845780153200016511200003001522764103571201              
107625782775653389496150000035708738285803000390221500               
99999
0000103002017845780153200016509800003001332764103381311              
119921525897654184316823000033808737286002800510222100               
99999
0000100002017845780153200016510400003001272764102321121              
127328421469655193310544000023208737286102800280222300               
99999
0000103002017845780153200016510300003001312764103641151              
135460697489655473827091000036408738286102700570222700               
99999
0000103002017845780153200016511200003001342764103481201              
149710502597656920528530000034808738286402800440221300               
99999
000010300202708024195320-000191100000001882463103725111              
269078918032626860523421000017508036293507800050222984               
281914529055624747166269000049808029293507800070230704               
99999
000010300202708024195320-000183800000002132463105995191              
367475457845617645593701000063808029294306900050220097               
376217655407617649985495000055708029294306900080230614               
99999
0000103002037845780153200016510200003001332764103841201              
048732895299611787957830000038408761287204500450224500               
99999
0000103002037845780153200016509600003001342764103531291              
056825758450610862474198000035308761287304500510223600               
99999
0000100002037845780153200016510500003001342764101851201              
067861137727610476050052000018508761287304500140223600               
99999
0000103002037845780153200016511500003001372764103451251              
076600613410608995199365000034508761287004600470223600               
99999
0000103002037845780153200016511000003001302764103311081              
092674449517607902971318000033108760287204600560225400               
99999
0000100002037845780153200016510900003001412764102091191              
098957872527608316699963000020908760287304500160225200               
99999
0000103002037845780153200016511000003001262764102811171              
136025440885606911145661000028108760287104600360223700               
99999
0000103002037845780153200016509700003001232764103211231              
142766502789607012377603000032108761287104600270222400               
99999
0000103002037845780153200016509600003001322764103801271              
162023279235607669611901000038008762287405400540222500               
99999
0000100002037845780153200016509100003001322764102271191              
168565197960608766651274000022708762287405500270221700               
99999
0000103002037845780153200016510000003001372764103481221              
174483199044608376753117000034808762287305600470221500               
99999
0000103002057845780153200016508100003001312764103531221              
047326877550557039512119000035308761288503100140222900               
99999
0000103002057845780153200016509300003001362764103061281              
055076121123555528762105000030608761288402900090221500               
99999
0000103002057845780153200016509400003001362764102791381              
068071146400553146525281000027908760288402900090222200               
99999
0000103002077845780153200016507700003001332764104411291              
079728259673485123346349000044108688287204700090222000               
99999
0000103002077845780153200016510400003001442764102831261              
089355066639483012652057000028308688287004800120224700               
99999
0000103002077845780153200016511900003001522764102641301              
125455963014475912573681000026408687287004200180229100               
99999
0000100002077845780153200016509900003001392764101341351              
133020542929475444311118000013408687287104000070227000               
99999
0000103002077845780153200016512700003001412764103841301              
142110015720473140028812000038408687287303800140222700               
99999
0000103002097845780153200016506500003001382764102931381              
119745314935414926874414000029308742288002900140224300               
99999
0000103002097845780153200016506200003001362764102621291              
137948144800410919661698000026208745287503400100223800               
99999
0000103002097845780153200016505300003001432764103281301              
161262206545406157663593000032808746287703300250221900               
99999
0000103002097845780153200016503000003001282764103091271              
176530692646403310776263000030908747288403000300221400               
