99999
000010301307708024195320-000190100000002192465104474161              
386929676735524891330281000044708044289507600150260605               
99999
000010001307708024195320-000189900000002142465104435211              
427948794103530920980417000056108046288907800060230089               
439431052321532861120617000028008046288907800070220161               
99999
000010301307708024195320-000190700000002182465104554201              
458041032619535908331617000045608049288807900120240586               
99999
000010301310708024195320-000183100000002402465102342981              
369818581556459323964591000031608021282609700050221898               
377034892971458826090552000010308019282609700050229997               
99999
000010301310708024195320-000183100000002402465102342981              
369818581556459323964591000031608021282609700050221999               
377034892971458826090552000010308019282609700050229997               
99999
000010301310708024195320-000186800000002382465104834231              
518775463549465939567477000060408034285808400090220110               
526761269300467183738384000031908034285808400070220588               
99999
0000103013107845780153200015562900003001132764103481311              
853703267747468947045928000034808707278208300310221500               
99999
0000103013117845780153200015562900003001082764102861371              
006766941083465539661239000028608705278609100230220900               
99999
0000103013117845780153200015563200003001122764103181221              
021215459011462800304705000031808702278108600240222000               
99999
0000100013117845780153200015563800003001142764101801241              
028541004451461215059272000018008700278508600220228800               
99999
0000100013117845780153200015564000003001082764101471231              
051267608859457388918508000014708699279405300140227300               
99999
0000103013117845780153200015563200003001202764103651231              
071455850175454677244547000036508695279604200260221600               
99999
0000100013117845780153200015564000003001152764101611171              
077879487363453571771311000016108695279704100260229900               
99999
0000103013117845780153200015565200003001132764102721241              
084502112582453000812839000027208692280403600280222600               
99999
0000103013117845780153200015562700003001262764102581341              
096360526220451654257459000025808692280703300360223600               
99999
0000104013117845780153200015563500003001232764101011181              
104779183336452531598511000010108690278703900060225700               
99999
0000100013117845780153200015564400003001052764101591271              
115445848868449611751409000015908692279203700080224000               
99999
0000103013117845780153200015563600003001092764103541321              
126935577540449015224016000035408692277504400230221300               
99999
0000100013117845780153200015565400003001112764101651221              
137153703446448167703251000016508690278104100090224800               
99999
0000103013117845780153200015566200003001162764103151261              
142504726022448156041821000031508690278403900210222100               
99999
0000103013117845780153200015565000003001172764102491301              
150356838267447850542455000024908690277504300220223000               
99999
0000103013117845780153200015564600003001142764103131241              
164959920854447512535721000031308689278104000250222300               
99999
0000103013117845780153200015563500003001202764103351231              
210240810843448355617290000033508690277904000170221900               
99999
000010301326708024195320-000197300000002132465101441111              
012916466836647717122902000014507944284108400070239991               
99999
000010001326708024195320-000198100000002242465103235121              
029380720831648271205136000032307946283608000060241668               
99999
000010301329708024195320-000204500000001712465101914131              
090742870539644065392124000009007974282905200070221076               
098214769717643975262664000025607974282905200070224812               
99999
000010201329708024195320-000205400000002042465104735131              
118852324519644213872816000047607974282904900050240090               
135599428373644994277497000047107974282904900030231619               
99999
000010301330708024195320-000198900000001882465105495371              
068115930979629010525835000055007939287305700080230390               
