99999
0000103081627080241953200000061900000001792465403151261              
111244232847537443977336000031607991293803800060249999               
99999
0000103081687080241953200000071600000002202465404824251              
224426474429676409450367000044208004296802700080220075               
235662059979677439312329000051908004296802700090230296               
99999
0000103081757080241953200000062300000001972465407904351              
404618805320573977037486000070608034290804500050220072               
414120988482574112325771000086608034290804500090220981               
