99999
0000103011827845780153200015436200003001562764102571371              
699834512760555774497198000025708790291204100350223400               
99999
0000103011827845780153200015434000003001672764103251311              
707057528392555618746288000032508790290903600390223000               
99999
0000103011827845780153200015435200003001592764103471391              
723141762926555542606246000034708792290803400470222200               
99999
0000103011827845780153200015434700003001502764103491361              
735855628160555750347254000034908797290803400290221900               
99999
0000103011827845780153200015433500003001502764104141261              
768555776797557376321712000041408799290103500270221300               
99999
0000103011827845780153200015434900003001482764103931441              
775338734123557908228730000039308800289903600290221700               
99999
0000103011827845780153200015434500003001642764103691411              
799014133950560270908289000036908800290303500230221400               
99999
0000103011837845780153200015422500003001502764103141241              
736165658640582322977548000031408789289204600230221200               
99999
0000103011837845780153200015422300003001462764103711301              
835355378166587468606476000037108789287905300220220900               
99999
000010301184708024195320-000187700000002082465103974331              
123339277370583235733334000039808026291508900110223378               
99999
000010301184708024195320-000186600000002412465106534231              
149283464613582009875036000065408034290509200120222878               
99999
000010301184708024195320-000183900000002362465102752251              
199531126359582848363182000027508036289808800080212807               
99999
000010001184708024195320-000184000000002412465104845151              
221267639627583773913491000048508036289508900130240199               
99999
000010201184708024195320-000181800000002212465105775231              
240576600493586222551386000057708039289809000110240284               
99999
000010001185708024195320-000183300000002482465105435211              
201239810467604647726855000054408051291009300130240367               
99999
000010301188708024195320-000182800000002212465105764271              
358176335335659357699453000057508026290909300060220098               
369947052056660690730220000057708026290909300140230175               
99999
000010301189708024195320-000181800000002962465105105281              
430094657969672615355508000051008026290808900140230083               
99999
000010301192708024195320-000184100000001662465103754221              
395800370148647894609313000037508011293907000140244583               
99999
000010201193708024195320-000192900000002932465106254281              
368675962469632168077980000063108016294306500110230695               
378523842728630825682194000062108016294306500040220074               
99999
0000103011947845780153200015561100003001692764103281411              
087820347182624001594985000032808725288402900100222300               
99999
0000103011947845780153200015558700003001472764102911481              
098708278550622191452004000029108727288402900090225300               
99999
0000103011947845780153200015559400003001572764103581511              
104735994093621252805339000035808727288403000140223000               
99999
0000103011947845780153200015561600003001602764103411321              
117372506030619439109808000034108727288403000160223500               
99999
0000103011947845780153200015560100003001502764103871351              
136460248658617115775164000038708727288103200200224100               
99999
0000103011947845780153200015558000003001492764103151401              
141396758297616599827036000031508727288203200250224100               
99999
0000103011957845780153200015558600003001762764102931521              
087263291465595856543419000029308725289703400070222200               
99999
0000103011957845780153200015559500003001812764102801441              
108030549003591759349303000028008725290303200150225400               
99999
0000103011957845780153200015559800003001722764102081471              
116494645738590226637554000020808724290603200070224700               
99999
0000103012077845780153200015563400003001472764103061331              
714961764376477697526008000030608755291904500110223300               
99999
0000103012077845780153200015565500003001542764102161341              
728374391840480369658868000021608757291704800140226400               
99999
0000103012077845780153200015563600003001512764101931341              
740367332772482911437733000019308757291404900080227000               
99999
0000103012107845780153200015553800003001112764102511201              
734783053221577388123096000025108792291805300310223900               
99999
0000103012107845780153200015556200003001112764103161191              
748224123721578745604386000031608795291305400190221300               
99999
0000103012107845780153200015557400003001262764103391331              
756318470134579680552023000033908795291305500230221800               
99999
000010201211708024195320-000185700000001932465104224131              
081002436161575693141668000042308024296806800090233173               
99999
000010001211708024195320-000183500000002162465104154051              
124279716383576311893350000041508026296606900100231782               
99999
000010301211708024195320-000182100000002372465104424061              
206479482047587873672625000044208029295007600110233895               
99999
0000103012127845780153200015561200003001282764103591321              
740145702471629080866293000035908800294104100250220900               
99999
0000103012127845780153200015558600003001462764103111301              
753299955666629234491664000031108802293804200170220700               
