99999
000010306284708024195320-000050300000001952465103835251              
228743293873468597779455000004708000285007100030230286               
240366183030466879512032000054008000285007100060232042               
99999
000010306284708024195320-000049800000002062465103464291              
309084237900459591374667000023608000284807400030221475               
318823088895459043967313000042908000284807400080231087               
99999
000010306285708024195320-000053100000002272465105164201              
494126608898510853721538000040507986284806400070221298               
504573801824512641279493000060807989284806400080220394               
99999
000010306286708024195320-000050400000002292465103894311              
461163826817544516478313000038907984289103600110256804               
99999
000010206286708024195320-000049800000002262465104124261              
483071215044545452203164000022307984289803300050223262               
498023639704547032262910000053907988289803300120261696               
