99999
0000103022747845780153200015559500003001332764103071401              
076434482823500671279675000030708799281607100120226600               
99999
0000103022747845780153200015557300003001302764102471361              
083941582029498955214837000024708799281207100100224800               
99999
0000103022747845780153200015557400003001282764103271431              
136121641271488084367594000032708797280707200140223700               
99999
0000103022747845780153200015558600003001252764102601391              
143737153901486693664313000026008795280907400150225900               
99999
0000103022747845780153200015554900003001162764102881481              
176571073733481413139481000028808795281107300110225200               
99999
0000103022747845780153200015556900003001222764103191421              
183139745320480507892640000031908795281107400140224100               
99999
0000103022757845780153200015553500003001292764102611391              
120060943318456810271066000026108792282405500100225700               
99999
0000103022757845780153200015555200003001382764102931431              
143483417717451663138359000029308792282402000140225300               
99999
0000103022757845780153200015558500003001262764104091451              
164220623293447460836078000040908792282202000120222600               
99999
000010002285708024195320-000173200000001842465106935261              
035971825261499187057452000069407994294005300050211898               
99999
000010302285708024195320-000171900000001802465102201121              
052334754906501732142331000022107996293505400050219970               
99999
000010302290708024195320-000179300000001312465104215131              
109597470227647010808837000042107961288607300070221384               
99999
0000103022967845780153200015559600003001372764103531501              
834080366963635785863607000035308670279004600380220800               
99999
0000100022967845780153200015556200003001302764102791401              
854551117990633640197509000027908672278404600230221500               
99999
0000103022977845780153200015558100003001222764103811401              
036873893306630394640940000038108672278703900260221100               
99999
0000103022977845780153200015557000003001252764103961471              
044334168227630184991719000039608672278603800260221200               
99999
0000103022997845780153200015560100003001202764103601301              
054954777243589147608279000036008739284904900250221000               
99999
0000103022997845780153200015557800003001212764103531461              
073815097127587520983407000035308742284704700280221200               
99999
0000103022997845780153200015558300003001222764103231401              
092783962723586370940523000032308742284903600260221100               
99999
0000103022997845780153200015558400003001292764103681571              
148822794473585876101887000036808747285602300160221700               
99999
0000103022997845780153200015557600003001252764103571521              
822669292446582496899190000035708790285602000250222200               
99999
0000103022997845780153200015554600003001382764103371511              
836617669676579474050442000033708789284702000190221200               
99999
0000103023017845780153200015559700003001232764103901341              
129908264630526925561513000039008767286402000170222200               
99999
0000103023017845780153200015558200003001292764103251321              
184308965146523815136148000032508767286402000230224900               
99999
0000103023017845780153200015559600003001242764103291361
190467242535523719742706000032908767286602000230225100 
99999
0000103023017845780153200015560200003001342764102981301              
196421201658523676940303000029808767285702000150222000               
99999
0000103023017845780153200015559700003001312764102681371
203104705505523686372353000026808767286102000250225100 
99999
0000103023017845780153200015556400003001292764103011261              
208513327327523738126779000030108767284902000200222600               
99999
0000100023017845780153200015556900003001332764101411251              
216614777722523785384198000014108767285202000080229200               
99999
0000103023017845780153200015556800003001332764103811331              
232321604829524424084642000038108770285602000260221400               
99999
0000103023027845780153200015557200003001172764102721301              
070205828960505516821759000027208807281603200110223300               
99999
0000103023027845780153200015555600003001322764103801291              
098436571800500184655208000038008804282203100310227300               
99999
0000103023027845780153200015556500003001282764103161331              
106752786903498761999087000031608804282203200320226000               
99999
0000103023027845780153200015554200003001292764103661341              
169421683549490660346643000036608802281902000220224800               
99999
0000103023027845780153200015554400003001272764102501261              
187717737578489264429846000025008800281902000240228900               
99999
0000100023027845780153200015555700003001312764102421231              
195775359320488584250979000024208800282402100140225500               
99999
0000103023027845780153200015555000003001262764103281281              
203042164739488454682177000032808800282402000280227900               
99999
0000102023027845780153200015555100003001312764102031161              
209175675230486522443324000020308800282402000170222600               
99999
0000103023027845780153200015555500003001312764102921291              
216689385113488011868459000029208800282202900290225100               
99999
0000103023047845780153200015559300003001372764103181381              
155038775897429721011221000031808724278207900190228700               
99999
0000103023047845780153200015556200003001182764102891401              
171474582418426772925269000028908725278707800240227000               
99999
0000103023047845780153200015554600003001242764102511281              
185601204038424483674367000025108727279507600180227500               
99999
0000102023047845780153200015556600003001322764101991391              
191876338194421859722816000019908727279207600140228400               
99999
0000103023047845780153200015557800003001352764102091381              
218582214339420120658578000020908725278707800140226000               
