99999
0000103040927845780153200014585000003001242764102741361              
707321454305534888625334000027408707278605800310222500               
99999
0000103040927845780153200014581700003001012764103201261              
716287240728534005734564000032008707278106100210221500               
99999
0000103040927845780153200014592300003001212764103131281              
769818963864531157564531000031308709278106300210221900               
99999
0000103040937845780153200014581800003001152764102581431              
004396189746536433390854000025808712276605600210221400               
99999
000010304093708024195320-000058900000001652465105304251              
069359443294528372148370000046707948286006500060220191               
081020104005526198501579000058607948286006500090240068               
99999
000010204093708024195320-000054100000002022465106005031              
119065657325518832117574000060007951284807100110240472               
99999
000010304100708024195320-000047600000001692465103845211              
382181891628404737040308000001007958282805300030230366               
393388495802405047578715000054307962282805300110240188               
99999
000010304100708024195320-000046200000002772465105294161              
442785621442408805216026000053207965281605600040220064               
449850410091409646542522000052807965281605600080230279               
99999
0000103041157845780153200014795200003001322764100941361              
694657759724664096094433000009408695285204800060229900               
99999
0000103041157845780153200014798400003001162764103141381              
753506198088674179603620000031408695283905000070229900               
99999
0000103041177845780153200014796900003001152764101981521              
709135379028630712578349000019808725279005300060229900               
99999
0000103041177845780153200014787100003001152764102321331              
748483712027635278235270000023208727278205400070229900               
99999
0000103041177845780153200014796300003001312764101581401              
780773204318639976480902000015808730278605400100229900               
99999
0000103041177845780153200014797600003001382764101411431              
802135970384643409140229000014108729279105100030229900               
99999
000010304121708024195320-000051000000002062465105024961              
082625988446519967812584000050207965289402500130240708               
99999
000010204121708024195320-000050600000001952465104455141              
095615487743517073218332000044507965289002700070231082               
99999
000010304121708024195320-000047400000002012465106484111              
147944448694517246352387000064807968288902600100250412               
