99999
0000103080727080241953200000085800000002122465504821251
100005298712414275105942000048208008283501800071279971 
99999
0000103080737080241953200000028500000000452465401151161              
088303233497415176407277000011607959286501700060209994               
99999
0000103080797080241953200000031200000000262465403784261              
109487471688528127136487000037907981276006500220250806               
99999
0000103080797080241953200000030200000000402465402804131              
195561097804525272232973000027707990275405900090222496               
203329872959525661081463000028507990275405900130223089               
