99999
0000103111287080241953200000079000000001752467401792292              
057157539760529064909573000017907976297100700050250199               
99999
0000103111307080241953200000071500000001682467401031072              
089488634320469983720297000010307937293600900030253194               
99999
0000103111307080241953200000074500000002122467402921092              
093402146495470366675154000029207937293600900040284491               
99999
0000103111347080241953200000065900000001712467404774292              
100106037708381554833075000047708014288603300130230055               
