99999
0000103090037080241953200000057800000001622465406704241              
135609523216563732546590000067107942283602900030225177               
99999
0000103090047080241953200000029300000001692465403451221              
100942411149516901558753000043907948282302400100229979               
110089331056517930963495000021307948282302400030226369               
99999
0000102090047080241953200000023400000001512465401351041              
133698315340519280468598000013607948283302300040229996               
99999
0000103090047080241953200000023000000001492465403531101              
151028361915523873650190000035307951283302500070234669               
99999
0000103090097080241953200000032900000001472465405684331              
117798454852346881185568000056807968282802600170250016               
99999
0000103090157080241953200000057400000001662465403974331              
500781457239489490125693000054108045275003900080260080               
511327481946492075380344000015308045275603700070230674               
99999
0000103090177080241953200000052000000001432465404794221              
334770346220567321458904000034808046281904200060234574               
348509521878565698180376000058308046282004400080241801               
