99999
0000103082817080241953200000064100000002092465400671211              
058448076737655936086176000006808010288303600050239902               
99999
0000103082817080241953200000064100000002092465400671211              
058448076737655936086176000006808010288303600050239902               
99999
0000103082827080241953200000076500000001682465402932351              
052944791241635747726023000029408044287104000100252467               
99999
0000102082827080241953200000063900000001542465409392361              
070166788302634952373944000094008047286304200040235987               
99999
0000103082827080241953200000059900000001682465405354411              
110716464068636995416233000054108050285304700080220065               
119421466251637642893016000053008050285304700160221564               
99999
0000103082937080241953200000070900000001832465407564381              
465272502302399142947629000075608043286304900090220182               
99999
0000102082937080241953200000070100000002202465405354161              
477741382023399893509758000053508043286405000100210585               
99999
0000103082967080241953200000070800000001622465404601261              
378241949698471086123018000046107998289403600070249918               
99999
0000100082967080241953200000066600000001862465402991421              
389702336860468656292343000029907998288303900070229928               
99999
0000103082967080241953200000132600000000492465404571331              
422919048033465265075135000045808001288603900210249983               
99999
0000103082977080241953200000076600000001842465400391371              
410642097088497345147954000004008021274105800040239980               
