99999
000010303250708024195320-000064100000002102467105704051              
155453467261495973243475000057008022290806000150220373               
99999
000010303257708024195320-000062600000002442467103845261              
256169200014640223890271000025708026287807800080230366               
268067062038638752129137000048008029287807800050240084               
99999
0000103032607845780153200015583200003000882764102571431              
062608229266653303238042000025708807285902100150221000               
99999
0000103032607845780153200015584000003000932764103201291              
077351648060651641827370000032008807286402000180221200               
99999
0000103032607845780153200015583400003000902764102981431              
085704457074650820219500000029808805286602000170221700               
99999
0000103032607845780153200015582500003001032764102941341              
094318690594650067125676000029408805286402000120221100               
99999
0000103032607845780153200015581900003000962764103291471              
125838899792648163576231000032908805285702200150222000               
99999
0000103032607845780153200015582400003001002764103301211              
162956521032647705792361000033008805286102300160222300               
99999
0000103032617845780153200015577100003001122764102951361              
073693012797644977902214000029508812286704100240227200               
99999
0000103032617845780153200015577900003001062764102561441              
088717362044642875322568000025608812286903700490229900               
99999
0000100032617845780153200015578200003001082764102431331              
094112161931641915834130000024308812286903700110225300               
99999
0000103032617845780153200015580100003001092764102471331              
108356525646640513496636000024708812287203200970229900               
99999
0000103032617845780153200015579700003001102764102371381              
122276406122639124334773000023708812286903300240225600               
99999
0000100032617845780153200015580100003001112764101791271              
125521625870638575133790000017908812287102900090228700               
99999
0000103032617845780153200015580200003001052764102721281              
139124371801637777193117000027208812287202000170223700               
99999
0000103032617845780153200015581500003001062764103691401              
147556906456637244847420000036908810286902000290225200               
99999
0000103032617845780153200015581800003000942764102501381              
159622990964636651348242000025008812286902000350229900               
99999
0000103032617845780153200015582200003000962764102691451              
165770131797636425919163000026908812286902000500229900               
99999
0000103032617845780153200015582000003001052764102351271              
178517160571636125043566000023508812287202000340228700               
99999
0000103032617845780153200015581700003000962764102681481              
185511692156636055576982000026808812287202000400226700               
99999
0000103032617845780153200015581300003001022764103741301              
198554761301636106340625000037408814287402000380221300               
99999
0000103032637845780153200015584200003000932764103041361              
078546448736609657729731000030408829287203100130225800               
99999
0000103032637845780153200015583300003000872764102901431              
084172007452608493924334000029008829286203400390229900               
99999
0000100032637845780153200015582500003000952764101001301              
091947728122606591665910000010008829286103400120229900               
99999
0000103032637845780153200015581800003000972764102411431              
098185253983605683254108000024108829286903200340229900               
99999
0000103032637845780153200015582500003000902764102421351              
121667088699601307973809000024208830287203400080222700               
99999
0000103032637845780153200015582600003000912764102541401              
135804357204598910903295000025408830286203100130226200               
99999
0000103032637845780153200015582100003000952764103211341              
141992508336597924181518000032108830286103200160226700               
99999
0000103032647845780153200015582300003000962764103011361              
155011997553567988664363000030108825287102000330229900               
99999
0000103032647845780153200015580600003000982764102751491              
184269413533563080885621000027508827286702100250226700               
99999
0000103032647845780153200015581800003000982764102901491              
196788719557561265129462000029008827287402100180221600               
