99999
000010304309708024195320-000053400000002272465103864231              
308491191704654987653279000038708014277804300070260297               
99999
000010004309708024195320-000042000000002712465102415041              
336469731679648691642163000024208014278903400040240084               
99999
000010204309708024195320-000038300000002822465104985301              
352399556907645012657715000049808017279103200100241081               
99999
000010304309708024195320-000042800000001882465104602221              
363897283658644691623130000060808017278903000090225090               
371080431370643628510774000023408017278903000050229365               
99999
000010304309708024195320-000051000000002422465104611051              
470432228920637030720255000046208032278802900120264160               
99999
0000103043107845780153200014354500003001212764102161211              
057735205134644564969692000021608774285404500670229900               
99999
0000103043107845780153200014356100003001102764102151161              
073224775273641637140852000021508772284904600380229900               
99999
0000102043107845780153200014354900003001152764101991371              
078541841604639133201066000019908772284604700170223800               
99999
0000103043107845780153200014357500003001192764102831351              
108599090447635738738624000028308770284404600170224800               
99999
0000103043107845780153200014356500003001162764102121231              
115386036265634753189901000021208769284404500380229900               
99999
0000103043107845780153200014352900003001212764103081251              
122953900246633715804911000030808769285104300150225600               
99999
0000103043107845780153200014356100003001242764101901231              
131698489195632601224395000019008767285404100350229900               
99999
0000104043107845780153200014354300003001222764100831231              
140307734644633306043214000008308767284904200050229900               
99999
0000103043107845780153200014351900003001192764102221261              
146989116763630879399003000022208767285104100180226700               
99999
0000100043107845780153200014355000003001192764101871281              
156498265274629402481335000018708767284604300130228200               
99999
0000102043107845780153200014354200003001182764101891321              
162294228554627889460376000018908769283904700240226500               
99999
0000103043107845780153200014351900003001122764102021171              
171303530815628771365560000020208769283704800250229900               
99999
000010304310708024195320-000052400000002212465104421981              
358248095451632840564450000044308073278603300070249990               
99999
0000103043117845780153200014357800003001182764102391391              
063313748733626843087407000023908750284203800250229900               
99999
0000103043117845780153200014355800003001162764102181321              
079875268060623246062449000021808747284703500370229900               
99999
0000103043117845780153200014355200003001102764102301141              
094473837892620224605877000023008747284603500130225900               
99999
0000103043117845780153200014360500003001042764102671261              
146051928737611077986078000026708742282605600170226300               
99999
0000103043117845780153200014358300003001092764102551331              
155101652582609771588405000025508740282405800550229900               
99999
0000102043117845780153200014355700003001182764101611291              
161878215886607272799050000016108740282206000380229900               
99999
0000103043127845780153200014361900003001052764100781331              
182886799797579435597918000007808682281106900040229900               
99999
0000103043127845780153200014357800003001142764102891411              
209397231382576011079920000028908680280107000480229900               
99999
0000103043127845780153200014357600003001192764102031301              
215373284871575373212434000020308680279907000130229900               
99999
0000103043127845780153200014358100003001222764102691321              
227339088365574250578895000026908680279907000240223200               
99999
0000103043127845780153200014354600003001112764103041211              
235750448611573587060677000030408682280206900450223700               
99999
0000103043247845780153200014357700003001092764103221351              
629076665488478001532993000032208640279002400270227200               
99999
0000103043247845780153200014355400003001142764102651321              
640099834527478016993233000026508642278402500140223500               
99999
0000102043247845780153200014355000003001142764102071231              
648558797865478574049217000020708644278202500090224600               
99999
0000103043247845780153200014354000003001032764102831251              
660450360571478519825770000028308647278102300160223500               
99999
0000103043257845780153200014354600003001092764103371381              
652792276955502680986086000033708717274803900180221800               
99999
0000100043257845780153200014354900003001122764101921311              
659869352545502412755771000019208719274903800140222100               
99999
0000103043257845780153200014356400003001072764102841371              
668492239071502634458020000028408719274903700190221500               
99999
0000102043257845780153200014357900003001162764102361391              
679788662546503167104855000023608720274803700090223000               
99999
0000103043257845780153200014356600003001112764103221271              
693217206213503322673866000032208717274803600240222000               
99999
0000103043257845780153200014357100003001142764103141271              
710171565717504333258009000031408722274303700340223500               
99999
0000102043257845780153200014357700003001112764101691371              
717460696461505210281577000016908722274103700100226800               
99999
0000103043257845780153200014357400003001142764102901331              
737254400301506834630360000029008720274303700180221600               
99999
0000103043257845780153200014361200003001182764103781371              
767591360671510856550397000037808729274903600180221600               
99999
0000103043277845780153200014359900003001022764103001311              
641491729697553638392752000030008772275607500180221700               
99999
0000103043277941770153200010820200000004242301203404081              
673849040000547734678386000034010133273200000060213454               
99999
0000103043277941770153200010820200000002932301203804161              
679475040000547583062206000038010133273200000120221435               
99999
0000103043277941770153200010820200000003532301201724121              
684378040000547491990679000017210133273200000050211859               
99999
0000102043277941770153200010820200000003152301203574141              
697616040000547476726631000035710133273200000100212444               
99999
0000103043277941770153200010820200000002502301204223051              
702575040000547492285547000042209698277906800180222389               
99999
0000103043277941770153200010820200000002122301203323031              
708867040000547617330556000033210133273200000210231233               
99999
0000103043277845780153200014363300003000972764103291441              
733293132061549648931284000032908772275807000280221100               
99999
0000103043277845780153200014358000003001102764102781341              
748893167853550228998164000027808772275507100330222600               
99999
0000103043277845780153200014358900003001122764102851431              
764481600413551182030147000028508772275307100280221400               
99999
0000103043287845780153200014359700003001072764102901431              
610609097969583111414447000029008757280203600280221000               
99999
0000103043287845780153200014358000003001162764103201291              
628722082480580280591620000032008757280702800520222500               
99999
0000103043287845780153200014356100003001202764103481331              
637158354796579061493102000034808757281702300420221800               
99999
0000103043287845780153200014355400003001242764103131311              
655156550497576701767036000031308757282202000430221900               
99999
0000103043287845780153200014354400003001222764102841351              
661391028653575967413438000028408759281902000740224000               
99999
0000103043287845780153200014355500003001192764102821411              
670734756569574952770647000028208760282402000730223600               
99999
0000103043287845780153200014354600003001232764103061331              
685017611813573612083368000030608760281902000590222700               
99999
0000103043287845780153200014356300003001262764102351361              
700010766942572494815587000023508760281602000470222500               
99999
0000102043287845780153200014353400003001242764102041271              
708598651995571861478854000020408760281902000270222200               
99999
0000103043287845780153200014352700003001202764102851351              
715520785720571669142776000028508760282602000470221800               
99999
0000103043287845780153200014353200003001322764102431281              
723356228245571384333180000024308760281702000630223500               
99999
0000102043287845780153200014356000003001252764102441311              
730822873442571047629745000024408760281702000340222100               
99999
0000100043287845780153200014357100003001232764102221251              
737433045853570548732325000022208760281402000170221800               
99999
0000103043287845780153200014357000003001272764102911371              
744986909999571072858934000029108760281002000610223200               
99999
0000103043287845780153200014356100003001252764102531331              
760988239991571298778357000025308762280702000420222300               
99999
0000103043287845780153200014357100003001232764103101261              
807506225510574155487639000031008760281602000310221000               
99999
0000100043307941770153200010820900000001422301201261021              
847321040000611957378401000012609715275107900270216869               
99999
0000103043357845780153200014339900003000982764102391531              
088552385243657458001591000023908632271108200710223000               
99999
0000103043357845780153200014342700003000972764102471431              
095812623093657694562689000024708632271308200590222400               
99999
0000103043357845780153200014343200003000902764103251291              
105914423347658140672962000032508630271208200460221200               
99999
0000103043357845780153200014341600003000932764103631361              
115839660040658709645399000036308630271008200400221100               
99999
0000103043357845780153200014342900003000952764103041371              
123923369452659266907724000030408629271008200410221000               
99999
0000103043357845780153200014343500003000892764102721411              
133862216452660064773659000027208629270608200420221300               
99999
0000103043357845780153200014345000003000842764102731341              
141761712300660785230280000027308629270808200470221800               
