99999
0000103083517080241953200000054000000001682465404274241              
239048230251411724361326000045607987281904100140222263               
250831006200409860902123000039707984281904100050230154               
99999
0000103083517080241953200000054900000001382465405134261              
322441134100402258973266000049407976282103900120241161               
331886612944401826104509000053307976282103900060220878               
99999
0000100083517080241953200000055300000001372465402334161              
339869194266400952994253000032707973283303700070240297               
353258514156400785982077000004607973283303700030220377               
99999
0000103083517080241953200000056200000001512465403964251              
396266587072402969063154000029907970282904000040230693               
405910531200403770116457000047507970282904000110230450               
99999
0000103083537080241953200000043000000001342465407034141              
311601709163495208019913000065207992285403100060240367               
325571734528493202836707000075007989285403100040220786               
