99999
0000103073087080241953200000016200000001192465101945201              
430968482609612467208476000019408057285004400030259997               
99999
000010307323708024195320-000001400000001712465006584141              
009801978193468325869769000063908011288602700040220097               
018207503395467127499423000067708014288602700070220381               
99999
000010307323708024195320-000001400000001712465406584181              
009801978193468325869769000063908011288602700041220098               
018207503395467127499423000067708014288602700071220382               
99999
000010307323708024195320-000001400000001712465106584151              
009801978193468325869769000063908011288602700040220097               
018207503395467127499423000067708014288602700070220381               
99999
0000103073237080241953200000014000000001632465402195131              
033178606399465294497545000016708017286603100081230089               
041581458910464438947886000026208020286603100061220276               
99999
0000103073237080241953200000014000000001632465102195101              
033178606399465294497545000016708017286603100080230088               
041581458910464438947886000026208020286603100060220275               
99999
0000103073237080241953200000010800000001512465005034051              
089255519081462010347752000052408023284603500120221963               
096591276975462003917739000048208026284603500080220693               
99999
0000103073247080241953200000007100000001502465403971161              
101406139530420468415373000039708014285802300321249970               
99999
0000103073247080241953200000007100000001502465003971121              
101406139530420468415373000039708014285802300320249969               
99999
0000103073247080241953200000020200000001392465104454131              
176769568108422993739022000055808014286302700080221290               
183281566490423657755216000029208014286302700080222074               
99999
0000103073247080241953200000009000000001462465403954231              
235350664918431040286449000000908008286102600031220156               
245688638219432873394580000056008008286102600101242282               
99999
0000103073257080241953200000005500000001532465105124111              
128617994574382954734504000051207978286802600160240607               
99999
0000102073257080241953200000004900000001482465406004181              
145035065115381284634716000060107978287102500111230161               
99999
0000103073257080241953200000011800000001452465403964251              
179902080028383761535062000046007983286802500091230482               
189194574286384398771120000032007983286802500221226601               
99999
0000103073257080241953200000011800000001452465103964221              
179902080028383761535062000046007983286802500090230481               
189194574286384398771120000032007983286802500220226600               
99999
0000103073267080241953200000001100000001272465404365141              
093135646345358696462379000031608019275805400050220691               
100588933022357729663006000053108019275805400070220872               
99999
0000103073337080241953200000008100000001352465404184171              
314842944451489093045952000036908051278607500110230990               
324161605122488178424287000046308048278607500060221479               
99999
0000100073337080241953200000010400000001572465401635121              
336742392713486128055150000016308048279007600060246377               
99999
000010307333708024195320-000000100000001552465403674141              
404383575421485814891438000035308042282805500070221581               
413231291294486214039289000038108042282805500100224264               
99999
0000100073337080241953200000000700000001452465405332091              
421588116980485758748848000053308042283005500160236297               
99999
0000102073337080241953200000004700000001452465405734211              
432221642639487252591092000068108042283305500060220770               
440710304072488042425174000044208042283305500090221348               
