99999
000010002316708024195320-000185600000001582465103895311              
055729128037600053514911000039007979284805500090240580               
99999
000010302316708024195320-000187300000001542465101741171              
073664992970601335259025000017407984284005600050259998               
99999
000010302317708024195320-000185400000001612465103614161              
034290281135626598789047000033608056278009800040251086               
052450736724626146074951000038608056278009800080231585               
99999
000010302317708024195320-000182300000001952465105775291              
092229479228627180912101000057708059277609800070221490               
99999
000010302318708024195320-000184200000001402465104585191              
070028332686645287162063000031807971285607300050240073               
082573367449645010417251000056507971285607300100230778               
99999
000010302319708024195320-000189600000001682465105284361              
087013771670656732627637000052707956283506400080230089               
097286933382656251413054000052907956283506400080220691               
99999
000010302321708024195320-000191000000001812465104204021              
100852730399661135956715000042008024278406200150220566               
99999
0000103023317845780153200015556200003001212764101971321              
170206393142464846865261000019708692281207000070223400               
99999
0000103023317845780153200015556400003001232764102631301              
176689976745464466571516000026308692281407000410229900               
99999
0000103023317845780153200015555900003001222764102741351              
186458205105464009959353000027408694281207000110225300               
99999
0000103023317845780153200015556100003001192764102671361              
193492939393463768198300000026708694281406900390229900               
99999
0000103023317845780153200015555000003001192764102431281              
204664893600463534403411000024308695281007000290229900               
99999
0000103023317845780153200015555400003001072764102141271              
210391634635463485879131000021408695280906900180227600               
99999
0000103023317845780153200015555900003001162764103061341              
216911809190463489205229000030608695280607100190226700               
99999
0000103023327845780153200015560100003001262764101501211              
176743574407440647264658000015008727280106900100228500               
99999
0000103023337845780153200015557900003001352764102941451              
128443593360428627530386000029408675277206400110223700               
99999
0000103023337845780153200015558600003001372764102611391              
170055837212421600997690000026108675276306700130225100               
99999
0000103023337845780153200015557900003001322764102721381              
182162399138419948893977000027208672276306300100225300               
99999
0000103023337845780153200015559000003001302764101991371              
215483525867416444051197000019908670276805600110228500               
99999
0000103023337845780153200015557800003001252764102261381              
222043585471415943956081000022608672276605600120225000               
99999
0000103023347845780153200015557800003001172764101301341              
158100384145409682605142000013008659274805100160229900               
99999
0000103023347845780153200015557500003001232764101941381              
168740039925407763696345000019408659275604800090225300               
99999
0000103023347845780153200015557800003001172764103441411              
178240186038406151734343000034408659275505100110223200               
99999
0000103023347845780153200015558600003001282764101891491              
228598907318399457678541000018908659274306500090224600               
99999
0000103023347845780153200015558100003001262764103341341              
237333161641398648378378000033408660274206600190223100               
99999
0000103023347845780153200015560200003001142764102241231              
245541460898397989763628000022408662273906800190222300               
