99999
0000103121237845780153200007631600003000772764103161341              
691470075735409674515800000031608727280108900510224200               
99999
0000103121237845780153200007631500003000682764103221301              
699849561610408840032945000032208727280008800470223000               
99999
0000103121237845780153200007631300003000722764103511251              
708373410926408098569002000035108713279608900300221400               
99999
0000103121237845780153200007631200003000612764103481281              
723290545418407065987867000034808727279707100360222200               
99999
0000103121237845780153200007631700003000672764103311311              
732328558192406606296979000033108726279407000310221900               
99999
0000103121237845780153200007632100003000672764103201241              
773254504422406094863853000032008725280106400240221200               
99999
0000103121237845780153200007634800003000742764102781431              
804909320288407409026386000027808722279306800250221400               
