99999
000010300308708024195320-000183100000002162463102231021              
043434978716662736653924000022407974284007100060239901               
99999
0000103003097845780153200016510700003001322764102691331              
620828329789656920414420000026908688276105200110223700               
99999
0000103003097845780153200016514600003001482764102801361              
662063849979655870310452000028008693275805200110222300               
99999
0000103003097845780153200016516100003001462764103341311              
689649287041656536994864000033408692275405300140222800               
99999
000010300315708024195320-000186800000002942463104774301              
169357952344480208988489000047807939279406900090262332               
99999
000010300315708024195320-000186200000002192463106035131              
258366869661479826117596000060407939280407100070240812               
99999
0000103003197845780153200016521400003001492764103471381              
811618762660404096358628000034708692276004200240221100               
99999
0000103003197845780153200016519400003001302764103211271              
825847171112401846874433000032108693275904500270221100               
99999
0000103003207845780153200016522600003001352764102431231              
120582769448392976997854000024308698276802600800225600               
99999
0000103003207845780153200016522300003001382764102321211              
133088084812393734415625000023208700275303301120228000               
99999
0000102003207845780153200016521400003001312764101891241              
139638679677393694030920000018908700275303200170222300               
99999
0000103003207845780153200016520400003001262764102641221              
145708506583394709965672000026408698275902900690225400               
99999
0000103003207845780153200016521900003001342764102081251              
159633098860396023236835000020808701275503101030229200               
99999
0000103003247845780153200016519900003001442764102451381              
058742175516459953408129000024508677274006800180227700               
99999
0000103003247845780153200016519900003001312764101821341              
065546715976458816883069000018208677275106500140228900               
99999
0000103003247845780153200016520300003001422764102381241              
072458622631457692958270000023808676274906200200229000               
99999
0000103003247845780153200016520700003001392764102171311              
103257832528453137929523000021708675274205600090224500               
99999
0000103003247845780153200016522800003001392764102241321              
132427145359449671200043000022408671274605400090225500               
99999
0000103003247845780153200016520400003001312764101701181              
166984693620446880895579000017008667274705200290229900               
99999
0000103003247845780153200016519400003001282764103181361              
174163666864446500745536000031808667274505200270228200               
99999
0000102003247845780153200016521300003001352764101551241              
182396337018445353446774000015508666274405200120224000               
99999
0000103003247845780153200016521100003001302764102451181              
188320321067445964482278000024508666274705300230227900               
99999
0000103003247845780153200016521100003001302764102321141              
196920039223445780118980000023208666274705300160227700               
99999
000010300335708024195320-000185600000002492463101435201              
009323582959670103940830000014408039281808400030223369               
