99999
0000103110977845780153200007648600003000462764102381501              
661156685543613398118597000023808800289003900230229600               
99999
0000103110977845780153200007648500003000462764101971531              
669860429754614654174347000019708797288903800190229900               
99999
0000103110977845780153200007648500003000462764102411431              
682454211745616560532660000024108799289003700170229400               
99999
0000103110977845780153200007647900003000492764103611521              
691408112710617971137190000036108798289303600230229400               
99999
0000103110987845780153200007645400003000502764102661421              
730594378330592135963001000026608757288503400140228400               
99999
0000103110997845780153200007644700003000462764102131421              
654730189780548584615626000021308748290503500260228400               
99999
0000103110997845780153200007645800003000412764102741461              
662363818562549087518817000027408749290103400250229700               
99999
0000103110997845780153200007645300003000462764103021381              
674235416953550006068704000030208750289903700370229900               
99999
0000103110997845780153200007645900003000432764102751501              
688871738889551354317909000027508751289903900280229900               
99999
0000103110997845780153200007645800003000552764102891571              
704618454982553049040843000028908754289304700210227900               
99999
0000103110997845780153200007645300003000432764102171401              
742490081214557988744085000021708752288604600080225700               
99999
0000103111007845780153200007645600003000502764102271251              
686935178615514313085578000022708755286703100190225000               
99999
0000103111007845780153200007645900003000492764103101291              
715294479516516470356847000031008759286303000170221900               
99999
0000103111007845780153200007645300003000392764103761341              
730781413195518023881224000037608760286602900300222700               
99999
0000103111007845780153200007646000003000442764103011161              
757437031674521227087644000030108760286304300150222300               
99999
0000102111017845780153200007644800003000422764102201201              
729106156625477756114428000022008766285505400100223900               
99999
0000102111017845780153200007645400003000412764101411181              
748536385449479386359242000014108765285005300120226800               
99999
0000102111017845780153200007645500003000412764101391261              
766088578392481216895696000013908765285204900120225300               
99999
0000102111017845780153200007645300003000422764102051191              
814858988260487736512023000020508761285904800060225000               
