99999
0000103083137080241953200000056300000001462465405684291              
101020626115533972699372000056808008278301900090250071               
99999
0000103083147080241953200000058300000001322465403494241              
218226951970494140305884000043407972283002300060220066               
227005485087495306772883000023607972283002300100222475               
99999
0000103083227080241953200000056500000001702465404754251              
321040113999393102736578000049808057279804500090221086               
331519329010392345806545000045008057279804500090222878               
99999
0000103083227080241953200000061600000001542465404284221              
397635307183391595874779000042808057280604300130232502               
99999
0000100083227080241953200000062500000001482465404904211              
410351288121391517341617000049008057280604300080240357               
99999
0000103083247080241953200000067300000002172465402872281              
523608221062467115680463000028708051283302700070213562               
