99999
0000103001597845780153200016511100003001322764102351241              
707964959313444977915248000023508753286606200360229900               
99999
0000100001597845780153200016511800003001422764101491331              
713573232490445149188736000014908755286606200110229400               
99999
0000103001597845780153200016512500003001532764103211281              
720750669608447493039246000032108757286506200120225000               
99999
0000103001597845780153200016510900003001412764101761351              
735466205071450579852482000017608760286306300120228200               
99999
0000103001597845780153200016509500003001432764102641391              
773418572194459300761661000026408762286606500090225800               
99999
0000103001607845780153200016507600003001432764104211251              
675573501066472807434318000042108776288605900320221100               
99999
0000103001607845780153200016508300003001332764102801251              
705030064564476769099799000028008777287806000090222700               
99999
0000103001607845780153200016508500003001382764103071321              
716622491882478643822975000030708776287705800140224400               
99999
0000103001607845780153200016508400003001322764102621251              
742663316949483440135950000026208780287405900430229900               
99999
0000100001607845780153200016509300003001322764103101161              
751011420043484075050270000031008782286806100190222600               
99999
0000103001607845780153200016508900003001282764102831381              
758329988785486674029298000028308782286706100430229900               
99999
0000102001607845780153200016508800003001292764102411311              
766488581548487804138773000024108782286906100070223600               
99999
0000103001607845780153200016510300003001322764103271191              
776325220187490662532418000032708782287106100140223700               
99999
0000103001607845780153200016509900003001392764103731411              
796786879925495489547489000037308782287205800130222300               
99999
0000103001617845780153200016505800003001322764103201221              
696725783780509740738912000032008760289104400180224400               
99999
000010300163708024195320-000182700000002142463102761121              
099896428676547695096312000027707986294806500220249939               
99999
000010300163708024195320-000181300000001702463102512021              
163318275753554227163597000025107989293906600080227608               
99999
000010300163708024195320-000178100000002112463102472071              
224890127375566729943429000024707994293407500110255608               
99999
0000103001657845780153200016509100003001382764102841381              
744901031522629458387685000028408822283906300460222300               
99999
0000103001657845780153200016510900003001402764102621271              
750388672809629452376380000026208822284306700400221800               
99999
0000103001657845780153200016508900003001352764103251381              
759816236147629547048685000032508822284806600390221200               
99999
0000103001657845780153200016508100003001282764103281351              
801606136513631564779872000032808823285106600390221700               
99999
0000103001657845780153200016510300003001392764102391331              
814143825534632668994066000023908822285106600270221700               
99999
0000103001657845780153200016509800003001332764102971441              
821809544130633453246685000029708822285006600460222300               
99999
0000103001657845780153200016508600003001342764103281371              
840817544507635741306307000032808821284906500420221400               
99999
0000103001657845780153200016509400003001262764103221311              
848617134214636815809114000032208821284506700410221200               
99999
0000103001727845780153200016505500003001292764103251321              
001636867057678481375376000032508812287402600310221100               
99999
0000103001727845780153200016505900003001342764103331311              
008853295854677736072727000033308812286902900400221500               
99999
0000103001727845780153200016506800003001322764103011241              
023825525232676405009107000030108811287302400770224300               
99999
0000102001727845780153200016505900003001372764102221301              
029089110199675331619617000022208810287002200210220800               
99999
0000103001727845780153200016506800003001382764103291401              
037582258645675447426106000032908808286702400500222300               
99999
0000100001727845780153200016507900003001322764101901291              
043771987804675203155012000019008807286602500230224100               
99999
0000103001727845780153200016506900003001382764103561411              
049657230028674823014337000035608807286402500350221400               
99999
0000102001727845780153200016507300003001322764102101181              
059103762958673790717580000021008806286902000240220500               
99999
0000103001727845780153200016505500003001222764103261261              
065970974116674307151280000032608805287402000510222700               
99999
0000100001727845780153200016506500003001392764102101241              
073711840094674311099308000021008802286802000270222700               
99999
0000103001727845780153200016507800003001352764102371361              
079991723270674168061916000023708802286902000940224900               
99999
0000103001727845780153200016507900003001422764103351341              
091215801362674259633485000033508802287202000390221700               
99999
0000100001727845780153200016508500003001472764101671361              
097974699548674527625785000016708802287202000310225700               
99999
0000103001727845780153200016508700003001502764102981401              
105700279959674642198537000029808802286902000700223400               
99999
0000102001727845780153200016506300003001272764102191301              
112464641912674212373501000021908802286802100270221500               
99999
0000103001727845780153200016507300003001352764102861351              
119499537800675278899240000028608801287102200430222300               
99999
0000103001727845780153200016508200003001322764102791341              
132644420917676125499134000027908800287102000590223600               
99999
0000103001727845780153200016508000003001312764102891321              
144136432553677050750617000028908800287602000630222200               
99999
0000103001737845780153200016508500003001312764102941341              
036438203611665300151802000029408796287803000370222000               
99999
0000103001737845780153200016506100003001342764103021211              
058146976884663258087432000030208793287403100330222700               
99999
0000103001737845780153200016507500003001312764103461311              
064595555515662775622878000034608793287003200400222800               
99999
0000103001737845780153200016508200003001332764102941331              
074705462525662137066957000029408793286203400380222700               
99999
0000103001737845780153200016504200003001232764103641261              
098355677969661216357594000036408792286603300510222300               
99999
0000103001737845780153200016505600003001282764103451351              
104346415054661112009908000034508792286603200630223600               
99999
0000103001737845780153200016507500003001392764103271381              
110637809578661058667272000032708792286703300820225100               
99999
0000103001737845780153200016506300003001232764102731281              
117402630104661065469902000027308790286503400790225300               
99999
0000103001737845780153200016508300003001352764103201261              
129768634365661248713245000032008788286503800600223300               
99999
0000103001737845780153200016508400003001252764103691391              
135570014200661410067450000036908788285804000630223000               
99999
0000103001737845780153200016508200003001432764103291331              
142246894517661654606479000032908787285304200800223600               
99999
0000103001737845780153200016509000003001342764103661331              
148171978679661923705422000036608787285304200630222000               
99999
0000103001737845780153200016508300003001332764103661341              
160544601854662640457557000036608787286004000710221600               
99999
0000103001737845780153200016508300003001372764103191361              
167165202350663107968638000031908787285904000620221200               
99999
0000103001747845780153200016507800003001332764103161341              
047350187851647966956770000031608787287304100240222100               
99999
0000100001747845780153200016508500003001312764101501231              
054673254473647485803928000015008787287004100130226600               
99999
0000102001747845780153200016508300003001322764102131241              
062361256677645428985820000021308787287103300200221200               
99999
0000103001747845780153200016507800003001302764103291351              
069937524200645142436922000032908786287103200320222200               
99999
0000103001747845780153200016507300003001342764103301261              
086603639108643496179761000033008785287002800550224500               
99999
0000102001747845780153200016507200003001402764102591311              
094701923662642237793556000025908785287102800210221800               
99999
0000103001747845780153200016506700003001192764104091391              
115301010513641587176922000040908783287102400300222000               
99999
0000100001747845780153200016508400003001392764102601321              
121514622473641865453997000026008782286802500130224700               
99999
0000103001747845780153200016509000003001442764103031261              
139309738897640919314900000030308782287102500250221300               
99999
0000100001747845780153200016508900003001432764101911351              
147067276806641427931269000019108782287402500340224300               
99999
0000102001747845780153200016508900003001222764102241311              
153783084655640303519490000022408783287302500570223200               
99999
0000103001747845780153200016508200003001352764103331301              
160851303141641044179412000033308783287002600490221400               
99999
0000103001757845780153200016505400003001362764103201271              
053024187125625031265163000032008772287806000160222500               
99999
0000103001757845780153200016505000003001282764103281321              
103921981492617726201833000032808766287805500160222000               
99999
0000103001757845780153200016504700003001272764102761391              
116300024999616474200836000027608763288505200150222800               
99999
0000103001757845780153200016504900003001312764103641341              
122704676252615912984693000036408762288505000170222000               
99999
0000103001757845780153200016505300003001312764102491311              
128377604956615466033462000024908762288904800180223200               
99999
0000103001757845780153200016505200003001282764103661361              
134857424153615013724817000036608762289104700360224000               
99999
0000103001757845780153200016504200003001382764103241301              
140901319484614648238801000032408762288804800220221200               
99999
0000103001767845780153200016502800003001342764103231301              
081385270622591799103552000032308731287002000180223400               
99999
0000103001767845780153200016502600003001332764103661341              
096985243343589102708546000036608728287602000220223600               
99999
0000103001767845780153200016503600003001302764103101211              
113949839186586515571023000031008727287002000480229100               
99999
0000100001767845780153200016504400003001422764101701241              
120474821952586441589759000017008727287602000070227100               
99999
0000103001767845780153200016502800003001322764103791391              
129058292912584536492283000037908727288102000540228400               
99999
0000102001767845780153200016503800003001432764102581371              
137079401818583105452615000025808727288202000340223000               
99999
0000103001767845780153200016502800003001302764103801291              
151190349052582224290568000038008727287402000360221800               
99999
0000103001787845780153200016512100003001292764102811331              
119550991726513513632987000028108735284305100120227800               
99999
0000103001787845780153200016511500003001302764103871351              
132442191680510892727053000038708737284405100160224000               
