99999
000010305195708024195320-000059200000002202465102185191              
082545179250581754677620000021808029294605300040213176               
99999
000010005195708024195320-000057600000001672465105574331              
093280717520583064486651000048308031293105900090220069               
102882530720584132606048000062208031292805900090220055               
99999
000010305196708024195320-000076000000001652465104425241              
058100250214544972886325000044308003301302500060211138               
99999
000010005196708024195320-000076200000001972465105464321              
083674555499545820115146000054608003297303200130230472               
99999
000010305196708024195320-000072900000001922465105924341              
103968228308546494661874000059308007295403600120240690               
99999
000010305198708024195320-000072300000002462465105744301              
100328129769466391616194000057408011293805500100252779               
99999
000010305198708024195320-000079900000002052465103875411              
173538470135467820565287000038708021291307200080242278               
99999
000010305199708024195320-000073000000002232465104924231              
126880111222427502859672000049208002295804700150251974               
99999
000010305199708024195320-000071900000002192465105804331              
179193027183427083520835000062608009293106900050231373               
186080742271427349622314000053008009293106900060220765               
99999
0000103052117845780153200014360200003001342764102911231              
091639601429595254616818000029108737289803900090223300               
99999
0000103052117845780153200014361100003001492764102511251              
106059227598593202811970000025108735289803800170226200               
99999
0000103052117845780153200014358300003001462764102651351              
124324299315590823752685000026508735289903700690229900               
99999
0000102052117845780153200014359300003001482764101891421              
132424378161589300957641000018908735290303600460229900               
99999
0000100052117845780153200014361500003001352764101981311              
142022487553587701376525000019808735290403500110223600               
99999
0000103052117845780153200014361700003001442764103281311              
150130828802587970247584000032808735290603600280222100               
