99999
000010302167708024195320-000183700000002472465100205181              
091949760588441480307641000002007974299505000030209990               
99999
000010302168708024195320-000187900000002442465102785371              
101231749723429762912616000027807996295007000030239992               
99999
0000103021687845780153200015556600003001472764102841491              
737443470186432355890252000028408807294103300180225700               
99999
0000103021687845780153200015557900003001342764102691521              
752635059880434691677296000026908810292803800100223300               
99999
0000103021687845780153200015557400003001322764102491431              
771021360560437821358578000024908810293903600090223000               
99999
000010302169708024195320-000208800000002572465100375281              
102401110615421571193031000003707966299503600030219955               
99999
000010002169708024195320-000196800000002672465105464361              
119052173272422845218272000054607969299303700160221078               
99999
000010302169708024195320-000430800000002522465101241131              
165438311442431218789185000012507971297005600040219985               
99999
0000103021697845780153200015550700003001432764103151361              
676396354426423293084774000031508802294803900610223000               
99999
0000103021697845780153200015549000003001412764102171361              
683285268882423513143224000021708802294803700810227800               
99999
0000103021697845780153200015550400003001482764103061381              
698651457789424263717729000030608802294102300520226600               
99999
0000103021697845780153200015551100003001522764103161321              
713367868326425311712780000031608802293802300290223300               
99999
0000103021697845780153200015552500003001562764102001331              
747214242461428875570593000020008804292403400220224900               
99999
0000103021697845780153200015552500003001562764102001331              
747214242461428875570593000020008804292403400220224900               
99999
000010302170708024195320-000199500000002912465104694321              
100088878353418413609532000059207954301002100050220054               
106222250653418782574342000030107959301002100220229956               
99999
0000103021707845780153200015554200003001322764102921291              
735202054901428029201906000029208790293802700220221400               
99999
0000103021707845780153200015554200003001322764102921291              
735202054901428029201906000029208790293802700220221400               
99999
0000103021707845780153200015556300003001262764102391361              
742811744202428644904222000023908790293802800220222100               
99999
0000103021707845780153200015556300003001262764102391361              
742811744202428644904222000023908790293802800220222100               
99999
000010302171708024195320-000163700000002362465103964241              
126505815001422077783990000023207981296904500040222473               
135227853307422613998262000051007984296904500050223687               
99999
000010302181708024195320-000178900000002002465103344161              
413358880876639981002600000033407999292307900050219907               
