99999
0000103093137080241953200000090200000001592464405262222              
356224239325428329999345000062108006286304200120230170               
361791237296427461342954000040908006286503600100237380               
99999
0000100093137080241953200000088400000001652464401721212              
383732957662424272931810000017208009286703700040250378               
99999
0000103093137080241953200000085900000001602464402181222              
416331857054421327133468000016208012286304100070230047               
422121524549420953862145000026308012286304100190231355               
99999
0000103093157845780153200007146200003000402764102621301              
152813855984451720827843000026208619275504900250229900               
99999
0000103093157845780153200007146400003000402764102311281              
160343061624450883937743000023108620275704800760229900               
99999
0000103093157845780153200007147600003000392764102201371              
179731340151449062847064000022008620276104501320229900               
99999
0000103093157845780153200007146400003000392764102451411              
191199403794448225039850000024508620276304400650229900               
99999
0000100093157845780153200007146600003000432764102271351              
197947078521447782516059000022708620276304400330229900               
99999
0000103093157845780153200007147100003000382764102131331              
204407120152447492130452000021308620276304400820229900               
99999
0000103093167845780153200007148200003000392764103121371              
229763229226465342598847000031208681274406500300224700               
99999
0000103093167845780153200007147800003000392764103001391              
234862629638465119726133000030008683274706000180223900               
99999
0000100093287080241953200000096400000001712464403694342              
073630576539655178920625000036907982284902800110250400               
99999
0000103093297080241953200000104900000001472464403294322              
091555913329637336722822000030908018277003300050240166               
107913249093638797881600000034808021276603400090241182               
99999
0000102093297080241953200000097400000001662464402371332              
145262638406642252705750000023708021276203400060242558               
99999
0000103093307080241953200000093400000001762464403583292              
173531157932617865432584000035808036279304000110250174               
