99999
000010304032708024195320-000051900000002082467102524121              
120124730438647136912682000021207888281102900040222160               
129802072300647394547255000028607888281102900140241481               
99999
000010304032708024195320-000053500000002362467104115091              
201930660494653920671483000041207886280103000110240056               
99999
0000103040327845780153200015580700003001332764103431301              
640576803794649653358787000034308817276007100330220900               
99999
0000103040327845780153200015579800003001322764103561421              
691936777461645117313468000035608822277904800280220600               
99999
0000103040337845780153200015579200003001292764103361411              
669911764595637237998699000033608830282402000440221200               
99999
0000103040337845780153200015575400003001152764103841371              
677649659506636290214442000038408830283102000390220800               
99999
0000103040337845780153200015575300003001152764103011251              
685359915517635415048622000030108830283702000630221700               
99999
0000103040337845780153200015575400003001302764102951351              
698963672608634046134373000029508830284402000540221600               
99999
0000103040337845780153200015576000003001252764103061291              
728415504385631889907695000030608832283202000560222000               
99999
0000103040337845780153200015581100003001452764103221261              
760636553197630858148256000032208834282902000320221200               
99999
0000103040347845780153200015571800003001142764103791411              
625760061516631987460018000037908860285202000360221100               
99999
0000103040347845780153200015572800003001102764103331281              
645231974611628263354073000033308862285202000430221100               
99999
0000103040347845780153200015577800003001342764103641431              
675101403254623108941118000036408865285102000450221100               
99999
0000103040347845780153200015578900003001372764103691531              
683819786350621756850441000036908865285402000310220400               
99999
0000103040347845780153200015584800003001312764104011301              
719493193575617071422865000040108867283702000360220600               
99999
0000103040347845780153200015586500003001222764102731361              
808658133545612378734049000027308872281602000310220800               
99999
0000103040407845780153200015573900003001162764103311311              
803844277180505470530743000033108797275804000280221900               
99999
0000103040407845780153200015574100003001252764103491331              
831366544513499865259460000034908797276004200340222200               
99999
0000103040407845780153200015576800003001302764102751361              
853338520507495882987946000027508799277004200270221400               
99999
0000103040427941770153200010838500000003062301202924191              
019563040004475738172645000029209691275706000090221777               
99999
0000103040427941770153200010838500000002532301204313141              
036891040004473513353499000043109690275905900180222075               
99999
0000103040437845780153200015579900003001332764102591481              
037909411306469308968319000025908730278502400330224700               
99999
0000100040437845780153200015577000003001172764101831321              
045242442390467971172818000018308730279102300140229900               
99999
0000103040437845780153200015575300003001162764102731351              
056838642969466297258109000027308732278502300220224200               
99999
0000103040437845780153200015574000003001082764103401271              
074722372306463833999667000034008732278402300280223200               
99999
0000103040437845780153200015577100003001372764103331351              
097390603752461301597574000033308732277102900320224400               
99999
0000103040437845780153200015577700003001422764103121341              
113180633530459955561977000031208732277602700250223000               
99999
0000100040437845780153200015576000003001232764101481291              
120930157179459342985285000014808732278102500330229900               
99999
0000103040437845780153200015576800003001192764102001341              
135019980462458689142196000020008732278502100400226300               
99999
0000104040437845780153200015574400003001182764101581401              
141967270285460130962191000015808735278902000110228400               
99999
0000100040437845780153200015576100003001372764101601291              
149819291822458168234133000016008735278902000320229900               
99999
0000103040437845780153200015577800003001412764102841421              
157485344963458127954650000028408735278602000380224400               
99999
0000103040437845780153200015584800003001362764102411371              
205475264682459447999696000024108735277902300330225700               
99999
0000100040437845780153200015580800003001392764102411331              
213461209344459958891017000024108734278202300080223300               
99999
0000103040447845780153200015586900003001172764102751471              
110560274963452602570186000027508787276103400500227400               
99999
0000100040447845780153200015577700003001162764102121321              
120718398561451509423571000021208787276603500110226000               
99999
0000103040447845780153200015574600003001052764102131301              
126894699421450907701067000021308789277003600980229900               
99999
0000104040447845780153200015574300003001062764102311291              
134171028899451896643079000023108790277403400100224500               
99999
0000103040447845780153200015573100003001112764102331231              
141565249703449689882387000023308790277603501030229900               
99999
0000102040447845780153200015574900003001252764102281401              
146750031319448628939673000022808790276803600290221900               
99999
0000103040447845780153200015576100003001252764102251321              
154801371116448848113963000022508790276803302630229900               
99999
0000104040447845780153200015577000003001252764102251331              
165233855485449999937020000022508792276303900120227700               
99999
0000100040447845780153200015573200003001222764101781311              
171742331109448166903682000017808792276303100500229900               
99999
0000103040447845780153200015577300003001282764102201331              
179282685797447952719440000022008792276303104370229900               
99999
0000102040447845780153200015573500003001142764102751351              
185281823511447166802328000027508792276802800150222300               
99999
0000103040447845780153200015579400003001272764102151391              
198904949054447863799700000021508794276103004560229900               
99999
0000100040447845780153200015577200003001252764101711311              
206387298095448027034628000017108794276003000230229900               
99999
0000102040447845780153200015575700003001272764101871451              
213542289141447461707798000018708794276003000380227200               
99999
0000103040447845780153200015573600003001282764102341371              
224013390539448559998358000023408795275603102580229900               
99999
0000100040447845780153200015575800003001272764101671421              
231163017002448983648228000016708795275603000660229900               
99999
000010004057708024195320-000058599999901732465101041651              
055104796969626262393444000010407983276106900050239903               
99999
000010004057708024195320-000058500000001732465101041111              
055104796969626262393444000010407983276106900050239903               
99999
000010404058708024195320-000058300000001912465106325241              
114188244498649002982259000063307985281103600060202890               
