99999
000010002091708024195320-000333400000002682465103094171              
333487597664439900474695000031007969286806500080253417               
99999
0000103021087845780153200015562100003001102764102991311              
705457603060525315253686000029908722280106000090222500               
99999
0000103021097845780153200015560600003001182764103721351              
685617805269488497648257000037208730278907500170223800               
99999
0000103021097845780153200015561900003001102764103171301              
704322241022489768815063000031708732278606400200223800               
99999
0000103021097845780153200015564600003001022764103091321
733033348086492471916992000030908732279404600260225800 
99999
0000103021097845780153200015564100003001152764102901301              
739568517036493201261995000029008734279104800320227500               
99999
0000103021097845780153200015562500003001152764102651341              
761869366909495963683076000026508732279403900090222200               
99999
0000103021097845780153200015564200003001152764102551321              
771407008019497258795254000025508732279004000110222400               
99999
0000103021117845780153200015558300003001182764102771361              
686297919231423406794577000027708820282602600210221800               
99999
0000103021117845780153200015560300003001132764103161181              
706256455618423090681873000031608822281902800200221200               
99999
0000103021117845780153200015560800003001232764103411221              
754331211746424630194260000034108827281402900110223000               
99999
000010302112708024195320-000977100000002742465103012121              
074935599632412382368357000026707986289802800110239719               
088282095804411597426015000033207989289802800040231895               
99999
000010302112708024195320-000190800000001862465103454181              
151088810707412026571847000043807994288303700050231887               
163792608958412913957020000021507994288303700050234493               
99999
000010302120708024195320-000212300000002632465102352991              
282211179118480958334305000020907979294303200040223779               
291916487453480326953098000026007976294303200060231694               
99999
000010302120708024195320-000213000000002372465103644031              
368041958277480500364159000026907974294003500110225487               
375002429389480990120301000044007971294003500060222763               
99999
0000103021097845780153200015564600003001022764103091321
733033348086492471916992000030908732279404600260225800 
