99999
0000102100217845780153200007283800003000472764101621291
657689763141607129031189000016208721275404300200229900 
99999
0000100093437845780153200007147400003000392764101661421
182877230978456096266056000016608729275106300090227000 
99999
0000100093437845780153200007146800003000362764102481431
134562775079457699342705000024808725275306300090224900 
99999
0000100093157845780153200007146600003000432764102271351
197947078521447782516059000022708620276304400330229900 
99999
0000103100217845780153200007283600003000452764102341261
691569861151612446072373000023408722275104400180227700 
99999
0000103100217845780153200007283700003000412764102841281
667270863361609800667944000028408722275504300240226900 
99999
0000103100217845780153200007281100003000422764102311131
649257928332608292272193000023108721275504600190229900 
99999
0000103100217845780153200007282200003000432764102941251
631085684030607202573792000029408718275904400380229900 
99999
0000103100217845780153200007282300003000432764102761261
620085442146606766603751000027608719275605200310229900 
99999
0000103100217845780153200007281300003000452764102921251
605037928146606454873983000029208718276305000480229900 
99999
0000103093447845780153200007146600003000442764102961471
200523284182485306041221000029608785279002100170222200 
99999
0000103093447845780153200007147600003000452764103461451
166468552683486585651930000034608786279002800190222000 
99999
0000103093447845780153200007147900003000442764102891531
143231168178488385826592000028908786278502600280224000 
99999
0000103093437845780153200007147800003000452764103571481
219905607640457302621700000035708734275405500200224200 
99999
0000103093437845780153200007147500003000432764102451391
209351786582456760261731000024508733275306000560229900 
99999
0000103093437845780153200007146900003000402764102291411
192360562473456248603919000022908729275406300600229900 
99999
0000103093437845780153200007147100003000442764102121301
177269484416456167509858000021208726275206300400229900 
99999
0000103093437845780153200007147300003000452764102611371
169151622997456267667615000026108727275306100130224400 
99999
0000103093437845780153200007148100003000392764102641421
155408133361456662354265000026408725275506100260226800 
99999
0000103093437845780153200007147500003000412764102601341
142286204580457296726855000026008725275406100450229900 
99999
0000103093437845780153200007148600003000372764102401391
126755368897458359594840000024008726275906000440228000 
99999
0000103093437845780153200007147700003000422764102361401
117268595413459167589599000023608726275805600500229900 
99999
0000103093167845780153200007147800003000392764103001391
234862629638465119726133000030008683274706000180223900 
99999
0000103093167845780153200007148200003000392764103121371
229763229226465342598847000031208681274406500300224700 
99999
0000103093157845780153200007147100003000382764102131331
204407120152447492130452000021308620276304400820229900 
99999
0000103093157845780153200007146400003000392764102451411
191199403794448225039850000024508620276304400650229900 
99999
0000103093157845780153200007147600003000392764102201371
179731340151449062847064000022008620276104501320229900 
99999
0000103093157845780153200007146400003000402764102311281
160343061624450883937743000023108620275704800760229900 
99999
0000103093157845780153200007146200003000402764102621301
152813855984451720827843000026208619275504900250229900 
