99999
000010305001708024195320-000051800000001922465105905141              
347568070524610048076147000059107976282806300060220684               
99999
0000103050037845780153200014366200003001432764103081271              
070453261167573674046652000030808775274702400340229900               
99999
0000100050037845780153200014362500003001472764102381291              
076453929861572535765412000023808777273702700100223900               
99999
0000103050037845780153200014363200003001432764102251221              
086463045610570673380096000022508777273402800300229900               
99999
0000102050037845780153200014363400003001422764102061211              
095920957788567680181102000020608777273902400110222100               
99999
0000103050037845780153200014361800003001422764103121221              
102399095206567985711100000031208779274402100250227200               
99999
0000103050037845780153200014363100003001412764103161201              
120924900108565272348100000031608780275502000440229900               
99999
0000100050037845780153200014361500003001352764102301171              
129252454558564255812982000023008780276002000090224600               
99999
0000103050037845780153200014364500003001422764103031221              
137180925535563282177598000030308780275102000510229900               
99999
0000102050037845780153200014365500003001372764101951351              
147208957452560885802149000019508780273702000170224200               
99999
0000103050037845780153200014363800003001412764102791351              
154612476033561576265965000027908782273702000390229900               
99999
0000103050037845780153200014365300003001342764102911281              
170499611216560420986069000029108785274102000300228700               
99999
0000100050037845780153200014367500003001342764101451271              
178580162202560063768509000014508789274302000260229900               
99999
0000102050037845780153200014364000003001342764102521201              
201550532513557926693395000025208795273905000140222800               
99999
0000103050037845780153200014363000003001382764102591311              
208155521350559237195555000025908797274104500240228800               
99999
0000103050037845780153200014368500003001432764102771371              
223250841110559373418828000027708800275603000320229900               
99999
0000103050037845780153200014364200003001402764102631221              
238901749858559872633165000026308805275103000250229900               
99999
0000103050047845780153200014367100003001402764102791321              
101702761824537103702667000027908859273702000240228700               
99999
0000103050047845780153200014366500003001372764103261341              
111839058308535198796304000032608857274802000280227600               
99999
0000100050047845780153200014364900003001352764101611281              
118081344749534271072548000016108857274302000080227300               
99999
0000103050047845780153200014366700003001342764103231301              
128866461902532272523927000032308855274202000400229900               
99999
0000102050047845780153200014365600003001322764102161261              
137633483922529680273516000021608855275102000160225200               
99999
0000103050047845780153200014366400003001302764103401221              
152133936852528878885639000034008852275302000450229900               
99999
0000100050047845780153200014365600003001312764101111171              
161688120019527913861580000011108855275102000080228200               
99999
0000102050047845780153200014366300003001272764101591341              
171201658841525434386143000015908855275102000620229900               
99999
0000103050047845780153200014366400003001282764102641341              
179426164600525867627785000026408854274902000610229900               
99999
0000100050047845780153200014364500003001162764102101181              
198308513976524667500693000021008854274402000120225300               
99999
0000103050047845780153200014364600003001352764103091321              
218682757972523493792644000030908854275502000460229900               
99999
0000103050047845780153200014364500003001412764103551291              
239635910504523190105945000035508854276002000190225400               
99999
0000103050057845780153200014362600003001372764102631321              
139683012884496491929338000026308837280502000270229900               
99999
0000100050057845780153200014364800003001382764100721321              
147261702697495482152345000007208837280502000070229900               
99999
0000103050057845780153200014364600003001402764103161271              
156154364617493673671448000031608837279702000310229900               
99999
0000102050057845780153200014365100003001382764102401251              
164952770438491250460345000024008837279602000120225700               
99999
0000103050057845780153200014365300003001312764102881331              
179898160600490215985080000028808837279102000240229800               
99999
0000100050057845780153200014361300003001362764101571261              
187218347896489654073690000015708837279102000140228500               
99999
0000102050057845780153200014361400003001272764100871311              
195268572547487334884922000008708837278502000230229900               
99999
0000103050057845780153200014362400003001352764102721281              
202196883132487672298685000027208837278102000390229900               
99999
0000100050057845780153200014363400003001402764101901211              
217562249223486706499814000019008837278602000130228300               
99999
0000102050057845780153200014361600003001272764101871341              
223855808475484841837736000018708839278902000290229900               
99999
0000103050057845780153200014361600003001332764102921291              
231463837287485431418135000029208837279502000460229900               
99999
0000102050057845780153200014364500003001402764102251241              
246419327705483731066468000022508837279202000210228100               
99999
0000103050057845780153200014364700003001262764102751361              
254931118156484558095643000027508839279202000300223900               
99999
0000103050057845780153200014363000003001392764103341281              
267408214836484427645286000033408839280102000370223500               
99999
0000103050147845780153200014367000003001272764102221251              
618632430197448684566875000022208775276106000420229900               
99999
0000100050147845780153200014367000003001332764101491271              
628695184861449758021570000014908775275605600290229900               
99999
0000103050147845780153200014366900003001242764102651371              
637008007577451360835450000026508777276305400300229900               
99999
0000102050147845780153200014366600003001292764102191371              
644770037837452882531252000021908775276604200150227500               
99999
0000103050167845780153200014365800003001372764102451391              
671716686777527579200931000024508799275106000190227000               
99999
0000103050167845780153200014366000003001332764102501241              
682039268649529006964693000025008799275305800680229900               
99999
0000100050167845780153200014366600003001242764101741321              
689359175861529461035581000017408799275305700350229900               
99999
0000102050167845780153200014367800003001352764101741391              
700002186895531812225668000017408799275105500260229900               
99999
0000103050167845780153200014368200003001292764102331341              
705993671938532862232526000023308799275105500290229900               
99999
0000100050167845780153200014369400003001252764101341301              
715880084892534014331416000013408799275105200320229900               
99999
0000102050167845780153200014368200003001252764102131271              
721361065704535673792781000021308799275304600070223100               
99999
0000103050167845780153200014368800003001212764102741371              
730563297042537529505853000027408797275604100160225400               
99999
000010305017708024195320-000070200000002382465106775231              
105908581841539177483833000067708062275605900030263702               
99999
000010305017708024195320-000068100000001922465102841181              
151247482550548986244161000028408061276405000040229981               
99999
0000103050177845780153200014364300003001272764102491371              
620778058609558883900510000024908764274805600500229900               
99999
0000102050177845780153200014364300003001332764101971351              
625179428518558808347528000019708764274305500200229900               
99999
0000103050177845780153200014362300003001182764102451311              
633614576795559150954660000024508764273506200760229900               
99999
0000100050177845780153200014361500003001232764101691301              
640438732677558632330534000016908764273406800100223600               
99999
0000103050177845780153200014362000003001152764102701231              
646590082966559673112504000027008764273707000480229900               
99999
0000103050177845780153200014362200003001252764102801271              
655755387126560194636107000028008764273507200390229900               
99999
0000103050177845780153200014360300003001362764102481321              
666832567122560992436538000024808762273907300360229900               
99999
0000103050177845780153200014362300003001272764102001221              
673087453835561523060096000020008762274206700370229900               
99999
0000103050177845780153200014361600003001262764102871381              
681044307242562280502292000028708762274605800230226600               
99999
0000103050177845780153200014363600003001262764102671381              
703996586145564968010019000026708760273905800350227000               
99999
0000103050177845780153200014365300003001252764102601291              
715548183834566591129029000026008760274803500630229900               
99999
0000102050177845780153200014367100003001322764101901281              
722583589906567458905989000019008759274703700230229900               
99999
0000103050177845780153200014366200003001322764102271301              
729901799867568844656271000022708759275602700580229900               
99999
0000100050177845780153200014363900003001302764101931311              
737182304407569330518966000019308757275803100310224900               
99999
0000103050177845780153200014365600003001312764102331291              
745441530966571560138074000023308757275303700530229900               
99999
0000102050177845780153200014364700003001282764101551371              
751978394835572560958296000015508757275503300310229900               
99999
0000103050177845780153200014363200003001352764102581341              
760234081429574387791700000025808757275303700670229900               
99999
0000100050177845780153200014366400003001282764102041291              
771254303840575884408717000020408755275303000250223800               
99999
0000103050197845780153200014365400003001272764102691431              
683308118370617829156284000026908665273502000310222400               
99999
0000103050197845780153200014365200003001302764102241261              
696482597307618086367763000022408667273202000310223100               
99999
0000103050197845780153200014364000003001232764102371291              
709721886795618593425440000023708670272902000440225200               
99999
0000103050197845780153200014364500003001282764102461391              
719336863102619116949184000024608672273102000450225500               
99999
0000100050197845780153200014363400003001202764102091251              
726927513664618734090334000020908672272802000160221500               
99999
0000103050197845780153200014364400003001182764102271361              
735002219038620245579157000022708674273202000640226400               
99999
0000102050197845780153200014365100003001172764102181321              
741415783972620204598003000021808675273302000120223600               
99999
0000103050197845780153200014362900003001232764102371361              
748490587283621484573416000023708677273502000710227700               
99999
0000103050197845780153200014364200003001292764102681411              
766715800932623535217648000026808680272602000520225100               
99999
0000102050197845780153200014361000003001182764101901271              
774076165209623862645854000019008682272802000140223800               
99999
0000103050197845780153200014361800003001342764102251331              
781118912672625445449117000022508680273102000450224800               
99999
0000103050197845780153200014358900003001252764102121361              
799435657589628215747699000021208682272802000420225100               
99999
0000103050197845780153200014359600003001272764102301361              
826689375064632961574269000023008689272902000640226300               
99999
0000102050197845780153200014359100003001162764102051301              
834170774896633734023158000020508689272402000130223100               
99999
0000103050197845780153200014365700003001092764102131351              
841519093861635809723823000021308690272602000320224500               
99999
0000103050207845780153200014368100003001252764102241241              
728521336213638070747826000022408680277904700140223600               
99999
0000103050207845780153200014368600003001222764102701271              
741094042016638499771146000027008679277704700170222400               
99999
0000103050217845780153200014361900003001302764102851291              
655751615975656599933638000028508637280003000410221800               
99999
0000103050217845780153200014361900003001312764101831271              
663158009055655803970230000018308640280003000380223400               
99999
0000103050217845780153200014358000003001282764103051261              
686711689841653680494915000030508645279903000370221300               
99999
0000103050217845780153200014358600003001302764102361281              
703964408650652546982348000023608647279203200780225200               
99999
0000102050217845780153200014357600003001172764101571331              
711542913798651229691346000015708647278603500290222900               
99999
0000103050217845780153200014356000003001322764102471241              
719756307253651841872590000024708647279103300430222000               
99999
0000103050217845780153200014358800003001292764102461391              
734583502146651479380908000024608647277403800390222300               
99999
0000103050217845780153200014358800003001262764103211301              
833014572654656515636138000032108645279102800290221000               
99999
0000103050227845780153200014360900003001402764103371281              
023997197025664319234625000033708642278102800320221100               
99999
000010305022708024195320-000052300000001612465104584111              
299119634199667391765499000045907988280908500130240734               
99999
000010305031708024195320-000053800000001782465103974271              
365246264256550620474779000034407967273305200030240886               
375495129835549523603509000044507967273305200050224392               
99999
000010305031708024195320-000049700000001862465105234211              
448216147035547189443796000064407970273107100030230381               
464817811672547989014927000036307973273107100050252801               
