99999
0000103022137845780153200015559500003001322764103811341              
052437482939651197321789000038108702287205600140222700               
99999
0000103022137845780153200015558700003001302764102391351              
064655441511648837125448000023908702286905800080223600               
99999
0000103022137845780153200015559000003001342764103151281              
086742370149644945291316000031508702286905800150223500               
99999
0000103022137845780153200015558300003001442764101931351              
108539682158641646737341000019308700286905900090223900               
99999
0000103022137845780153200015559400003001342764102731351              
116308556741640614755195000027308700286905900130224300               
99999
0000103022137845780153200015558600003001392764103141371              
123933786433639679550743000031408700286905900220227300               
99999
0000100022137845780153200015559600003001282764102381381              
130570644468639337877015000023808699286705900080224200               
99999
0000103022137845780153200015559400003001322764102861371              
135259517986638437394405000028608700286706000240227800               
99999
0000103022137845780153200015560900003001212764103031221              
148392601731637224335272000030308700287205800220224800               
99999
0000103022137845780153200015561200003001212764102761251              
155033051503636706377307000027608702287405700280225900               
99999
0000103022137845780153200015559400003001292764102581421              
161313695557636276479325000025808702287705700230223400               
99999
0000103022147845780153200015558100003001392764103511341              
112064111854621872478355000035108727285602200160224700               
99999
0000103022147845780153200015555700003001462764102831391              
132166787836618669631016000028308725285202300150224700               
99999
0000103022147845780153200015557400003001482764102691441              
146065623483616745866909000026908727285202300170228000               
99999
000010002227708024195320-000142400000002952465102801111              
078993973584446594475443000028107969298105600090219429               
99999
000010302227708024195320-000144600000002892465100901201              
086883273334448550279560000009107969297805700050219915               
99999
000010302238708024195320-000180800000001772465104564291              
247129526598666217858887000039408021295006500080230099               
256138816709664848372325000051208021295006500110230067               
99999
000010302238708024195320-000176500000001922465104855311              
438363592152667258877344000048508016293108000160250087               
99999
000010302239708024195320-000178600000002002465104724201              
268837656797664363914834000022007996296105300080230005               
282051508388662261860663000063107996296105300110230379               
99999
000010302239708024195320-000175400000002132465105205141              
364536866304655701990128000052007991294506000140250886               
99999
000010302240708024195320-000180800000002032465103584131              
300802280726653927269017000035808001295805300190236073               
99999
000010302240708024195320-000177200000001792465103094211              
403304644927645832092714000033608001294606000090233466               
413557964857646049398973000028008001294606000140229501               
99999
0000103022427845780153200015557900003001352764102241371              
037725699462630368517529000022408755287406600140222500               
99999
0000103022427845780153200015559600003001382764102201351              
130387270274617165391108000022008750286407000110223500               
99999
0000103022427845780153200015561400003001262764102791371              
183387678168614825496773000027908757286707000150221300               
99999
000010302242708024195320-000179800000001902465103931241              
423021568538604224349077000035608001291609500080239981               
431731310961603736046011000042808006291609500090229967               
99999
000010202242708024195320-000172200000002432465105064081              
449284478951602264120470000050608006292308600140231974               
99999
0000103022437845780153200015557100003001132764103851341              
000027165556614964830362000038508767288204700110222700               
