99999
0000103111897080241953200000096700000001722467400931332              
092251319904427624110475000009308000296603200050250048               
99999
0000103111897080241953200000096700000001722467401071292              
094271562570427893766604000010708000296603200040230063               
99999
0000103111897080241953200000096700000001722467401071292              
094271562570427893766604000010708000296603200040230063               
99999
0000103111917080241953200000093700000001472467404704272              
054640083343438389897041000045907987300702300050240079               
066351069793438089399534000048107987299102400120240000               
99999
0000103111917080241953200000095400000001852467402083262              
101526180209438604836425000005507994295603300030250166               
113013416691439232769720000028807994295503300100250375               
99999
0000103112027080241953200000079600000001662467401512182              
355609406045650273377957000014207995293406000080230688               
361017017653649769878082000016007995293406000070230592               
