99999
000010304159708024195320-000042800000001892465104744331              
372102588232430632477401000047207967292803300050230871               
385791667580430568353411000047707967292803300070230802               
99999
0000103041617845780153200014359400003001092764102631371              
104884408402503242054054000026308820288602000610228000               
99999
0000100041617845780153200014357600003001212764101661301              
111268641484502569974844000016608820288402000060224000               
99999
0000103041617845780153200014356200003001172764103151291              
118502681811502269849757000031508822288202000590225400               
99999
0000103041617845780153200014356700003001212764103111251              
129151142471501677278265000031108822287902000650229900               
99999
0000100041617845780153200014355900003001072764102151301              
134730912394501242610432000021508822287902100330229900               
99999
0000103041617845780153200014357000003001152764102881351              
140566936705501213056430000028808822287902101290229400               
99999
0000103041617845780153200014355800003001092764103461391              
156986027249500868097455000034608824288102400810224400               
99999
0000103041617845780153200014355600003001092764103091361              
164175637810500840268260000030908824288202400730223500               
99999
0000103041617845780153200014354900003001142764102611311              
178905521335501022741856000026108825288702500560223000               
99999
0000103041617845780153200014355500003001142764103001221              
185667557464501215428916000030008825288702700440221800               
99999
0000103041627845780153200014352000003001102764102781251              
109500576984541540547040000027808819289802800350224900               
99999
0000103041627845780153200014350400003001102764102991301              
118723642356540559647711000029908819289303000190222500               
99999
0000103041627845780153200014353500003001152764102421271              
136182392210538977272562000024208820289303200650229900               
99999
0000103041627845780153200014353800003001202764102661321              
156029055165537652145499000026608820288603301200228000               
99999
0000103041627845780153200014355700003001202764103071291              
163139454921537308066084000030708822288703201360227800               
99999
0000103041627845780153200014355000003001092764102881371              
186456299691536690082828000028808822290103401150225500               
99999
0000103041627845780153200014352000003001182764102761311              
194378890744536663543842000027608825290403301840229300               
99999
0000103041627845780153200014349500003001062764102721351              
203620759286536752845263000027208825290803102040229500               
99999
0000100041627845780153200014353800003001272764101861371              
212987525568536699452601000018608825291203200610224500               
99999
0000103041627845780153200014353900003001322764102461341              
217219435301537122027930000024608827291303000480229900               
99999
0000103041627845780153200014350900003001102764102321221              
223565827149537391667788000023208827291702900740228400               
99999
0000100041627845780153200014351700003001202764102451231              
234140574713537702111335000024508829291902800400222200               
99999
0000103041627845780153200014348800003001112764102791401              
240875386890538441473286000027908830292202800950223700               
99999
0000103041627845780153200014350800003001142764103051261              
255442876042539677825170000030508830292702400780222400               
99999
0000103041627845780153200014352300003001172764103331271              
265731580205540741413334000033308830292802500570221700               
99999
000010204163708024195320-000045400000001902465106684231              
538675359732574549150596000066907998294301400140240516               
99999
0000103041737845780153200014357900003001142764103391431              
661912574547636628716520000033908739287903300240221000               
99999
0000103041757845780153200014357400003001092764103181411              
689090412558585084039386000031808747289804700380225400               
99999
0000103041757845780153200014355500003001002764103191321              
697647248750586123648305000031908747289604700220224500               
99999
0000103041757845780153200014356400003000902764103131341              
717404182377588798088578000031308747289404900250229900               
99999
0000103041777845780153200014352800003001202764102681391              
706397465461516341133250000026808755291102000390226900               
99999
0000103041777845780153200014350800003001122764102931361              
721647863695517552832775000029308759290302000500229800               
99999
0000102041777845780153200014352800003001112764102131281              
729644416875516804779353000021308760290202000140226800               
99999
0000102041777845780153200014352300003001172764101631331              
737740185997517643949648000016308762289802000080225400               
99999
0000103041797845780153200014354400003001092764103111351              
728190052112442608258361000031108822294803200190221500               
99999
0000103041797845780153200014354300003001102764103061301              
737813419228442875842447000030608822294403100440224500               
99999
0000103041797845780153200014354200003001172764102881451              
747875243386443295136952000028808824294403101080229900               
99999
0000103041797845780153200014352700003001102764103471371              
773584880356444982911502000034708822294203200160221400               
99999
000010304182708024195320-000052000000001802465104205051              
130222497238370524926478000042008024288807400080240576               
