99999
0000103043397845780153200014361900003001062764102331361              
018292770475634666521295000023308760278704900800229900               
99999
0000103043397845780153200014358300003001062764102141351              
032116397655631663240884000021408760278604801520229900               
99999
0000102043397845780153200014361000003001032764102251241              
038886795313628675134870000022508760279104600110221200               
99999
0000100043397845780153200014357300003000972764101291451              
046037275851628379115992000012908760278904700100229800               
99999
0000103043397845780153200014358500003001012764102151331              
054095144597627168028204000021508760278704800790229900               
99999
0000100043397845780153200014360200003001072764100561291              
060971241931625458302976000005608760279005200080229900               
99999
0000103043397845780153200014360900003001112764102221291              
071186721022623962764719000022208760279105100580229900               
99999
0000102043397845780153200014363100003001092764101961401              
079647406974620912915273000019608760279005100220224000               
99999
0000100043397845780153200014364000003001022764101511221              
085441699460621140243636000015108760278705200230229900               
99999
0000103043397845780153200014363500003001072764102601351              
109425252622617929253156000026008759279404600770229900               
99999
0000103043397845780153200014360200003001062764102511281              
116194795749617046564392000025108759279104600460229900               
99999
0000103043397845780153200014360800003001122764102651361              
139947982702614436721609000026508759277105800580229900               
99999
0000102043397845780153200014360800003001102764101271301              
147533350566612185636438000012708759276606300270226100               
99999
0000100043397845780153200014361900003001052764101531331              
155409212952612825273724000015308759276806700080226200               
99999
0000103043397845780153200014362300003001092764102761411              
164807921482612561704739000027608759276607000570229900               
99999
0000104043397845780153200014362600003001112764101501291              
171962674327614062726548000015008760276607100060224400               
99999
0000103043397845780153200014361900003001082764102781471              
179510574513611881342959000027808760277206900630229900               
99999
0000100043397845780153200014361800003001112764101211241              
186688058230611345990869000012108760277606700110229100               
99999
0000103043397845780153200014360100003001152764103021241              
202827616851611464947364000030208760278006600310229900               
99999
0000103043397845780153200014361000003001162764102261301              
210616046444611506283618000022608760277706700250229900               
99999
0000103043407845780153200014360500003001102764103131171              
058938393608603178850087000031308767278604200120224500               
99999
0000103043407845780153200014361100003001162764102811241              
065509386350601724736933000028108767278604200140224400               
99999
0000100043407845780153200014359900003001112764101751331              
076553458790599107285704000017508767278204100230229900               
99999
0000103043407845780153200014361600003001172764102131251              
085368832813597545014910000021308767278104200400229900               
99999
0000102043407845780153200014361600003001162764101701251              
088734115026595334975687000017008765277904200190229900               
99999
0000103043407845780153200014361300003001062764102651271              
108008376013593243354369000026508765278104000130225400               
99999
0000100043407845780153200014361100003001112764101471171              
123435549702590411125566000014708764277604500300229900               
99999
0000103043407845780153200014362600003001112764103361261              
131042689010589463737036000033608762277904400440229900               
99999
0000102043407845780153200014364200003001032764102351221              
138371558039586858841701000023508762278204300250227200               
99999
0000104043407845780153200014360800003001052764102161271              
145895028076589304811539000021608762278404300100226000               
99999
0000103043407845780153200014362600003001152764102751321              
154242081643586347159629000027508762278104400660229900               
99999
0000100043407845780153200014362900003001032764101531241              
161547301449585312112072000015308760278204400200229900               
99999
0000103043407845780153200014364600003001092764102841371              
169197327868584735791944000028408762277704500580229900               
99999
0000102043407845780153200014364400003001112764101881301              
174949865560582657185941000018808760277704500220229300               
99999
0000103043407845780153200014362400003001142764102721261              
182316370189583591350602000027208760277704500840229900               
99999
0000100043407845780153200014363100003001152764101481241              
199291427407582309186902000014808760278204400100228000               
99999
0000103043407845780153200014362600003001082764102691371              
206807364471582148050273000026908760278404300560229900               
99999
0000102043407845780153200014364500003001022764101561261              
212659663156580390503020000015608760278104300110227000               
99999
0000103043417845780153200014359700003000992764102391511              
090943393216567233620763000023908765277605500230229900               
99999
0000103043417845780153200014357800003001102764102121251              
105675715637563980396850000021208762277905600310229900               
99999
0000100043417845780153200014359400003001162764101911321              
116430150741561631499915000019108762277905400230229900               
99999
0000103043417845780153200014361600003001142764102431261              
124711671956560079115494000024308762277505600390229900               
99999
0000102043417845780153200014363400003001112764101791301              
132543559667557128619443000017908762277905500430229900               
99999
0000104043417845780153200014363600003001152764101771361              
139232242328559322214401000017708760277605400080225400               
99999
0000103043417845780153200014361500003001142764103021211              
159711093852553970735465000030208760277905000360229900               
99999
0000100043417845780153200014364100003001152764101191241              
165432353810553045534611000011908760278104800230229900               
99999
0000102043417845780153200014364000003001092764101281281              
173944705263550479179655000012808760278104700450229900               
99999
0000104043417845780153200014364100003001102764101771271              
184050807737552635726004000017708760278504600120229300               
99999
0000103043417845780153200014363800003001042764102921331              
191458889969549823061240000029208760277904801100229900               
99999
0000102043417845780153200014365000003001072764101881331              
199687703256547528044832000018808760277704900410229900               
99999
0000100043417845780153200014363800003001062764101161271              
208730700544548133214217000011608762278104800270229900               
99999
0000103043417845780153200014364400003000962764103131341              
219130318109547410623557000031308764278004900590229900               
99999
0000104043417845780153200014363800003001082764101701331              
226748238198548941079757000017008764278004900130227900               
99999
0000102043417845780153200014363500003001122764101741271              
234617913054545114279142000017408764277705000500229900               
99999
0000103043417845780153200014362100003001172764103261271              
242987396019546272465896000032608765278104900360228100               
99999
0000103043417845780153200014362300003001112764103051201              
287682044438546485334403000030508770277705700520223100               
99999
0000103043417845780153200014360800003001142764103511271              
298968334086547004398981000035108772279705200430221800               
99999
0000103043417845780153200014361800003001162764103241301              
311969532184547820516282000032408772280704500460221900               
99999
0000103043417845780153200014361400003001182764103271311              
322229879638548622080485000032708775280604500420221800               
99999
0000103043537845780153200014365100003001302764102731291              
668274902131502054736534000027308662275102000220229800               
99999
0000103043537845780153200014369100003001242764102031291              
683828021818503633595731000020308664274902000110226500               
99999
0000102043537845780153200014366300003001252764101911341              
691476256162504803968842000019108665275502000100225500               
99999
0000103043537845780153200014364900003001202764102781401              
700077968922505657389235000027808667275302000210227800               
99999
0000103043537845780153200014358500003001252764102431361              
722120524048508979463708000024308665274302000080223500               
99999
0000103043547845780153200014362100003001402764101811261              
703868927949535840604753000018108579277606100100229900               
99999
0000103043547845780153200014362300003001242764102741331              
713791084715536918572386000027408577277606100180224100               
99999
0000103043547845780153200014364100003001362764102541341              
721659875061537874111453000025408577277406100220225000               
99999
0000102043547845780153200014362800003001202764101531291              
729723794248539043486930000015308577277506100070227400               
99999
0000103043547845780153200014360700003001322764102411281              
735926365462539825952245000024108575277106200260225000               
99999
0000103043547845780153200014360900003001222764102671371              
749376389679541913283420000026708575276806200180223900               
99999
000010304355708024195320-000061400000002032465105874201              
036373180867537143822340000058708048278802900080241792               
99999
000010304355708024195320-000058800000002552465102225241              
101170468652539191256721000022208047278303400060235565               
99999
000010304356708024195320-000061300000002032465103405081              
241688892644589128948332000041507944280906400040220095               
254395453170592354231640000024407944280906400050222874               
99999
000010304357708024195320-000060800000002062465104494251              
198451399834600153943185000044307914280405900070220181               
206343911498601409741648000045407914280405900050231174               
99999
000010304357708024195320-000067100000001822465104425221              
260762818054612316748019000011507908276007900050220068               
269723500232614428110222000061507908276007900060220253               
99999
0000103043577845780153200014364400003001342764103321351              
587866682245623637913049000033208729271007600250221300               
99999
0000103043577845780153200014361400003001342764102871411              
603956094421621174815756000028708727270107500270220900               
99999
0000103043577845780153200014361400003001192764103081381              
648116478727615624183964000030808727270006500210220900               
99999
0000103043577845780153200014361300003001472764102681431              
655198252018614929911171000026808727269606600380222300               
99999
0000103043577845780153200014359000003001262764102571421              
669406393835613721651252000025708727270506200330222300               
99999
0000103043577845780153200014364500003001412764101831381              
686228072422612627154313000018308725270106500570225700               
99999
0000102043577845780153200014357700003001192764101491481              
692353203743611886008887000014908724270306400180222600               
99999
0000103043577845780153200014363300003001342764102711351              
708664126090611767570940000027108725271006100750225100               
99999
0000102043577845780153200014361400003001202764102001201              
716178326622611184450199000020008727270805900220221900               
99999
0000103043577845780153200014364700003001232764103211341              
724190473873611590636031000032108729270805900340221500               
99999
0000103043577845780153200014366600003001362764102891521              
737947227790611725655910000028908727270805900390221800               
99999
0000103043577845780153200014364800003001312764102771441              
744395785750611883860643000027708727270605900540222900               
99999
0000103043577845780153200014364200003001302764102451321              
768057486134612981155178000024508729270305900260221000               
99999
0000102043577845780153200014364200003001332764102041291              
775517017163612998277652000020408729270606200250222000               
99999
0000103043577845780153200014363300003001322764103141311              
785021290938614259330542000031408730270306400370221900               
99999
0000103043577845780153200014364700003001362764103281451              
819746396558618087442465000032808730271005900240221000               
99999
0000102043577845780153200014363200003001362764102191371              
860000307215623789856366000021908727270805800220221700               
99999
0000103043587845780153200014361800003001302764103461381              
006696288530626266597910000034608727271005700270221600               
99999
0000102043587845780153200014366300003001382764102291451              
014380526404627167513305000022908727271105500180221300               
99999
0000103043587845780153200014364600003001392764102771511              
035305836931631890447035000027708725271805000270221700               
99999
000010304366708024195320-000077800000001912465104084311              
268940819420640890040628000051508004283006600080220565               
279237954108638858903635000026108004283006600150235386               
99999
000010004366708024195320-000054200000001752465103094191              
308896617255633396032232000033808001283006500060235873               
317192472610632219090252000027808001283006500050224552               
99999
000010304366708024195320-000057400000002032465104104121              
329160864711631110555986000049508001283006400150223768               
333719790808630595611059000030308001283006400140228568               
99999
000010204366708024195320-000062200000002132465104674181              
376421531235625956039700000057007998282106700120230679               
387051318946625684012654000033607998282106700070230895               
99999
000010304366708024195320-000060000000002002465104284081              
406263195557627254280819000044507995282106600110222083               
413717656740627439659215000041207995282106600120224083               
99999
000010004366708024195320-000065200000002472465102861221              
423797289806627512931342000028707995281906800120239917               
