99999
0000103103067080241953200000095000000001672467403373222              
504805909763390505383461000033708067277708200130230079               
99999
0000103103187080241953200000094900000001822467401692322              
131986394378656340443585000016907987277804400050252210               
99999
0000103103197080241953200000096800000001492467403644362              
086714044188654521863292000042807940281503700090230482               
094047422683654862869751000028607940281503700120230490               
99999
0000102103197080241953200000090200000001702467405664212              
149184242824659228214521000056607937281303500030269990               
99999
0000103103197080241953200000086600000001342467403294282              
163840873848662724932866000032907937281303600080240098               
99999
0000103103217080241953200000100600000001672467402943142              
120041490987640507944229000029407946282602900170240081               
99999
0000103103217080241953200000100600000001672467402943142              
120041490987640507944229000029407946282602900170240081               
99999
0000102103217080241953200000093400000001442467401770142              
131803629303639151846997000017707946282602900070210188               
99999
0000102103217080241953200000093400000001442467401772162              
131803629303639151846997000017707946282602900070210188               
99999
0000103103237080241953200000067300000001092467403153152              
203403089099600963660411000031508033282403600100240044               
