99999
0000103042777845780153200014357300003001122764101891431              
801981680544652374761131000018908814283907900990229800               
99999
0000102042777845780153200014354800003001152764102091401              
808607430973650383412977000020908812284107900200221500               
99999
0000103042777845780153200014356400003001172764101811401              
817672559410649689799292000018108812284207901540229900               
99999
0000100042777845780153200014356400003001122764101951371              
825505073201647588997601000019508812284207800130224900               
99999
0000103042777845780153200014357000003001182764102061361              
833816494573647035867505000020608812284607700940229200               
99999
0000103042777845780153200014356200003001072764101951421              
850819435950644401191317000019508812284207600770228400               
99999
0000103042787845780153200014358800003001092764101991571              
054668104650636311242528000019908810282907901000229900               
99999
0000100042787845780153200014358700003001072764101241391              
061272309045634988335577000012408809282908000150229900               
99999
0000103042787845780153200014359700003001192764101701471              
098903349805633812337172000017008807283408001700229900               
99999
0000102042787845780153200014355100003001232764101581371              
106255874304632697005536000015808805283208000370222600               
99999
0000104042787845780153200014356600003001152764101851461              
115576545700634790129559000018508805283408000080224000               
99999
0000102042787845780153200014355100003001232764102231301              
122818071332632575208820000022308807283608000230221400               
99999
0000103042787845780153200014354300003001232764101981431              
130126686833633602302307000019808807283908000890228900               
99999
0000100042787845780153200014355900003001182764101311381              
138222790566632987941913000013108807283708000310229900               
99999
0000103042787845780153200014355800003001122764102281411              
146236714903634015172494000022808805284107900440223500               
99999
0000100042787845780153200014353500003001192764101171371              
152924767746633517545634000011708805284107900200229900               
99999
0000103042787845780153200014352400003001092764102271391              
161461597162634730071257000022708807284207900750227100               
99999
0000100042787845780153200014354000003001182764101821341              
168882850600634423245638000018208807283907900220228900               
99999
0000103042787845780153200014355100003001192764101631391              
843650898469662501745373000016308812286403901100229900               
99999
0000100042787845780153200014354000003001102764101651271              
850984062657660421407043000016508812286103800180229900               
99999
0000103042787845780153200014355700003001172764101361431              
859032587741659847273609000013608810285703801430229900               
99999
0000102042797845780153200014355200003001222764101901341              
006650641683656859360169000019008810286103500340224300               
99999
0000103042797845780153200014354500003001152764101541391              
014113460610656724284154000015408810286203301650229900               
99999
0000103042797845780153200014355600003001162764101881491              
029420236645654392456063000018808810286203201400229900               
99999
0000100042797845780153200014354800003001182764101261411              
037187832489652476752610000012608810286203200290229900               
99999
0000103042797845780153200014354400003001182764101731421              
043329802294652433819268000017308810286203201470229900               
99999
0000103042797845780153200014351100003001172764101531331              
058848684308650454177524000015308807286203100840229900               
99999
0000102042797845780153200014353400003001212764101031271              
063514918538648811302402000010308807286103100150226200               
99999
0000103042797845780153200014352100003001032764101551311              
070476039076649127820846000015508807286103100950229900               
99999
0000103042797845780153200014358100003001292764101971511              
085342340365647644675697000019708805286103101420229900               
99999
0000100042797845780153200014355100003001202764101821301              
094375366463646073717827000018208805286402900160227500               
99999
0000103042797845780153200014356200003001322764102301321              
101311316643646336077020000023008805286402800690229900               
99999
0000102042797845780153200014356600003001272764102201381              
108291326333644740552412000022008805285703000280223400               
99999
0000103042797845780153200014357900003001212764101571461              
131499787993644728070792000015708807285902801490229900               
99999
0000103042797845780153200014356200003001292764102101361              
146786858910644367595914000021008807286202701110229900               
99999
0000100042797845780153200014357100003001302764101921341              
153619458888643530960073000019208807285602800230229900               
99999
0000103042797845780153200014354800003001272764101791521              
161232019146644315081436000017908807285902601300229900               
99999
0000102042797845780153200014355800003001192764102241441              
168383596462643238535331000022408807286902300450226100               
99999
0000104042797845780153200014357100003001262764101771461              
173829772788645870476545000017708807286602400080229700               
99999
0000103042797845780153200014355600003001232764101761441              
179827753537644661948312000017608807286702301410229900               
99999
0000100042797845780153200014355300003001262764101271371              
186822690555644147742574000012708807286702300150229900               
99999
0000103042797845780153200014355100003001272764101831411              
201219322933645632286152000018308807286402400640228800               
99999
0000103042807845780153200014356000003001102764101481261              
125101108652649579403927000014808794287202501160229900               
99999
0000100042807845780153200014356200003001102764101471241              
132213825256648201334862000014708794287202800620229900               
99999
0000103042807845780153200014356000003001102764101451231              
140352748575648336387622000014508794287203303940229900               
99999
0000102042807845780153200014354800003001142764101461331              
147731218304646546936478000014608794287403400990229900               
99999
0000103042807845780153200014356600003001152764101671381              
158086268320647258312808000016708792287203102040229900               
99999
0000103042807845780153200014356400003001172764102361351              
214356349026646594323599000023608794286403400710227100               
99999
0000103042827845780153200014352900003001112764102311271              
069240705833648158547095000023108762283906500270228700               
99999
0000103042827845780153200014351900003001092764102301321              
085400190878644813806244000023008760283706400310229900               
99999
0000102042827845780153200014349900003001052764101481421              
093303772754641754223011000014808760283206400190229900               
99999
0000103042837845780153200014357000003001222764101691361              
134292139364619445666850000016908732286604400830229900               
99999
0000103042837845780153200014356100003001262764102811351              
144223294675617458867950000028108732286604200430229900               
99999
0000103042837845780153200014356800003001172764101781471              
161795459372614138925255000017808730287104001200229900               
99999
0000102042837845780153200014355700003001222764101421311              
167774357939611540615292000014208730286404200250229900               
99999
0000103042837845780153200014355900003001252764102291431              
192117124785609109681400000022908730285904400400229900               
99999
0000103042837845780153200014353800003001182764102291421              
200216877642607937104312000022908730285604500330226500               
99999
0000103042837845780153200014355900003001212764102741391              
212691587857606285823046000027408732286204300430221600               
99999
000010304298708024195320-000055200000001872465105174311              
089977067940484384876905000057607986286006900090221227               
099262467028483867434046000045007986286006900030220089               
