99999
0000103110417845780153200007645500003000512764102531281              
647828183894608106054094000025308756273909200820224400               
99999
0000103110417845780153200007645500003000512764102531281              
647828183894608106054094000025308756273909200820224400               
99999
0000103110417845780153200007645200003000492764102661361              
661664559153608538777143000026608757276206100690226500               
99999
0000103110417845780153200007645200003000492764102661361              
661664559153608538777143000026608757276206100690226500               
99999
0000102110417845780153200007644300003000452764101881341              
668562900267607282188226000018808757276506400160227200               
99999
0000102110417845780153200007644300003000452764101881341              
668562900267607282188226000018808757276506400160227200               
99999
0000103110417845780153200007644600003000462764102801321              
675622466052609234810323000028008757275305700870226900               
99999
0000103110417845780153200007644600003000462764102801321              
675622466052609234810323000028008757275305700870226900               
99999
0000102110417845780153200007645000003000452764101401201              
684739916796608250748501000014008758274307800470229900               
99999
0000102110417845780153200007645000003000452764101401201              
684739916796608250748501000014008758274307800470229900               
99999
0000103110417845780153200007644600003000452764102761361              
692084440089610374410086000027608757275106200730225600               
99999
0000103110417845780153200007644600003000452764102761361              
692084440089610374410086000027608757275106200730225600               
99999
0000102110417845780153200007644700003000422764101501241              
700408017592609496585836000015008756274608100270229900               
99999
0000102110417845780153200007644700003000422764101501241              
700408017592609496585836000015008756274608100270229900               
99999
0000103110417845780153200007644100003000462764102911291              
711987966735612179892432000029108756274706401070227500               
99999
0000103110417845780153200007644100003000462764102911291              
711987966735612179892432000029108756274706401070227500               
99999
0000102110417845780153200007644200003000382764101621271              
721022749324611558335790000016208756275605200450229900               
99999
0000102110417845780153200007644200003000382764101621271              
721022749324611558335790000016208756275605200450229900               
99999
0000103110417845780153200007644100003000412764102531221              
729407667079614106675444000025308757276604601090229600               
99999
0000103110417845780153200007644100003000412764102531221              
729407667079614106675444000025308757276604601090229600               
99999
0000102110417845780153200007644800003000422764101701271              
737965881685613573434158000017008757276505200410229900               
99999
0000102110417845780153200007644800003000422764101701271              
737965881685613573434158000017008757276505200410229900               
99999
0000103110417845780153200007644200003000442764102821281              
744048779124615946498602000028208758277104100830226700               
99999
0000103110417845780153200007644200003000442764102821281              
744048779124615946498602000028208758277104100830226700               
99999
0000102110417845780153200007644400003000432764101431241              
752816452143615545525566000014308759276905600270229900               
99999
0000102110417845780153200007644400003000432764101431241              
752816452143615545525566000014308759276905600270229900               
99999
0000103110417845780153200007644300003000392764103071311              
760194777413618176294881000030708759275306900670224400               
99999
0000103110417845780153200007644300003000392764103071311              
760194777413618176294881000030708759275306900670224400               
99999
0000102110417845780153200007643300003000422764101401181              
766932286527617571824688000014008759274107900250229900               
99999
0000102110417845780153200007643300003000422764101401181              
766932286527617571824688000014008759274107900250229900               
99999
0000103110417845780153200007643200003000392764103111241              
773781670982620189779127000031108759274107600340221600               
99999
0000103110417845780153200007643200003000392764103111241              
773781670982620189779127000031108759274107600340221600               
99999
0000103110427080241953200000076600000001782467403064242              
174655752845608889666274000030607975272204500100241096               
99999
0000103110427080241953200000076600000001782467403064242              
174655752845608889666274000030607975272204500100241096               
99999
0000103110427845780153200007648500003000472764102741401              
654434937762574519424293000027408736274308900440226100               
99999
0000103110427845780153200007648500003000472764102741401              
654434937762574519424293000027408736274308900440226100               
99999
0000103110427845780153200007648200003000432764102861361              
670713927859574396344323000028608736274808900590226900               
99999
0000102110427845780153200007649000003000442764101231251              
678091926089572954484238000012308735275108500220229900               
99999
0000102110427845780153200007649000003000442764101231251              
678091926089572954484238000012308735275108500220229900               
99999
0000103110427845780153200007649800003000402764102491391              
686706930803574630639302000024908736274808401290229900               
99999
0000103110427845780153200007649800003000402764102491391              
686706930803574630639302000024908736274808401290229900               
99999
0000102110427845780153200007648300003000472764100991421              
697396194327573465480233000009908735274808900140229900               
99999
0000103110427845780153200007648400003000472764103251361              
704949357283575312221508000032508735274908900680228700               
99999
0000103110427845780153200007648400003000472764103251361              
704949357283575312221508000032508735274908900680228700               
99999
0000100110427845780153200007648800003000452764101341331              
711698022832575640357563000013408735274908900480226100               
99999
0000100110427845780153200007648800003000452764101341331              
711698022832575640357563000013408735274908900480226100               
99999
0000102110427845780153200007648500003000442764101401281              
718901832796574599639745000014008734274708900390229900               
99999
0000102110427845780153200007648500003000442764101401281              
718901832796574599639745000014008734274708900390229900               
99999
0000103110427845780153200007648500003000472764102961441              
725983884868576614678505000029608734274709001650229900               
99999
0000103110427845780153200007648500003000472764102961441              
725983884868576614678505000029608734274709001650229900               
99999
0000100110427845780153200007648400003000462764101551331              
731746990453577040039167000015508734275009000250225200               
99999
0000100110427845780153200007648400003000462764101551331              
731746990453577040039167000015508734275009000250225200               
99999
0000103110427845780153200007648500003000502764102791391              
752864122504579007338073000027908732274809000900229900               
99999
0000103110427845780153200007648500003000502764102791391              
752864122504579007338073000027908732274809000900229900               
99999
0000103110427845780153200007648900003000392764102721431              
771007194210581024701334000027208733274509000990229900               
99999
0000103110427845780153200007648900003000392764102721431              
771007194210581024701334000027208733274509000990229900               
99999
0000102110427845780153200007649300003000432764101691371              
776341416727580147298720000016908732274408900290229900               
99999
0000102110427845780153200007649300003000432764101691371              
776341416727580147298720000016908732274408900290229900               
99999
0000103110427845780153200007648900003000442764102981471              
784625015220582719873002000029808732274108701460229900               
99999
0000103110427845780153200007648900003000442764102981471              
784625015220582719873002000029808732274108701460229900               
99999
0000103110427845780153200007648300003000462764102961411              
801982236758585068623383000029608732274308800570227700               
99999
0000103110427845780153200007648900003000442764103041351              
808371084116585977862629000030408731274108900720228400               
99999
0000103110427845780153200007648900003000442764103041351              
808371084116585977862629000030408731274108900720228400               
99999
0000102110427845780153200007644500003000532764101141251              
816464277511585635634000000011408731273908800730229900               
99999
0000102110427845780153200007644500003000532764101141251              
816464277511585635634000000011408731273908800730229900               
99999
0000100110427845780153200007649100003000442764101611261              
822301351398588046138899000016108731273408800210225200               
99999
0000100110427845780153200007649100003000442764101611261              
822301351398588046138899000016108731273408800210225200               
99999
0000103110427845780153200007648200003000432764102711301              
828775354596589005654283000027108731273409000400225500               
99999
0000103110427845780153200007647400003000442764103011261              
835398636245590019578167000030108731273809100420224800               
99999
0000103110427845780153200007647400003000442764103011261              
835398636245590019578167000030108731273809100420224800               
99999
0000103110547941770153200010855800000002322301203944231              
117262040000434079124564000039409504274008300200220743               
99999
0000103110547845780153200007648600003000462764102341391              
122756380489436504798173000023408667272206500610223400               
99999
0000100110547845780153200007649300003000422764102371331              
130548509038436521484035000023708669272406400250226400               
99999
0000100110547845780153200007649300003000422764102371331              
130548509038436521484035000023708669272406400250226400               
99999
0000103110547941770153200010855800000002392301204473281              
133192040000435018326839000044709503274008300210221241               
99999
0000103110547845780153200007649100003000412764102551331              
137979575507436969723188000025508670272406400610222600               
99999
0000103110547845780153200007649100003000412764102551331              
137979575507436969723188000025508670272406400610222600               
99999
0000100110547845780153200007649300003000432764101811321              
146585636296437205749960000018108672272106700320227600               
99999
0000100110547845780153200007649300003000432764101811321              
146585636296437205749960000018108672272106700320227600               
99999
0000103110547845780153200007649900003000432764102791491              
153211819024437769646511000027908671271906400460221800               
99999
0000103110547845780153200007649900003000432764102791491              
153211819024437769646511000027908671271906400460221800               
99999
0000103110547845780153200007650000003000452764102641281              
191441266900441227210619000026408676271706600510222900               
99999
0000103110547845780153200007650000003000452764102641281              
191441266900441227210619000026408676271706600510222900               
99999
0000100110547845780153200007650300003000422764102261231              
199311138052442025689846000022608678271606500140222400               
99999
0000100110547845780153200007650300003000422764102261231              
199311138052442025689846000022608678271606500140222400               
