99999
000010001032708024195320-000188100000001392463105315091              
043787817538534791370964000053207979274309900070221613               
99999
0000103010327845780153200015443400003001422764101321181              
612508942819512496213293000013208692270206200090225000               
99999
0000103010327845780153200015442600003001482764103901311              
626949859741511486376125000039008693270206800190222500               
99999
0000103010327845780153200015442000003001402764103881241              
663417435479510333292667000038808698269206800230222900               
99999
0000103010327845780153200015441800003001322764103511221              
669133809857510332435830000035108698269306800210223100               
99999
0000103010327845780153200015444100003001482764103601251              
676480096657510401403377000036008698269306700160221900               
99999
0000103010327845780153200015444200003001352764103961311              
689421061293510711069847000039608702268706700240224000               
99999
0000103010327845780153200015443400003001352764104121211              
696719866320510989093505000041208702269006800280224800               
99999
0000100010327845780153200015447100003001452764101801221              
703646722191512174947467000018008702268806700180223600               
99999
0000103010327845780153200015446700003001462764104101271              
742154473228514266016184000041008706268406800180222600               
99999
0000103010327845780153200015446100003001422764103891321              
748791271181514946733755000038908705268806900200222800               
99999
0000103010327845780153200015446200003001532764103481301              
770822515154517518581345000034808707269106600150221500               
99999
0000103010327845780153200015447000003001432764103951301              
776500115809518251608664000039508707269206500150221700               
99999
000010301034708024195320-000182400000001952463105285191              
066746788480452705079432000052808021276807400090250795               
99999
000010301034708024195320-000183400000001882463105305151              
187199923729456937194356000053108014275307200080230898               
99999
000010301035708024195320-000183000000001482463104155101              
085310127096412875100598000041608006281805500070221563               
99999
000010301036708024195320-000183900000001532463104474201              
144329687934375079844634000044808051279807900160240106               
99999
000010301036708024195320-000184200000001842463105214111              
232171561548377817625566000057708046280507400090220084               
244941154948379188397093000045908046280507400150230196               
99999
000010301036708024195320-000184200000001842463105214111              
232171561548377817625566000057708046280507400090220084               
244941154948379188397093000045908046280507400150230196               
99999
0000103010367845780153200015438100003001282764102911331              
712190184430361227959883000029108702277204800290221200               
99999
000010301037708024195320-000180500000001922463105484191              
141580118312349918783331000054807986286504800140220992               
99999
0000103010427845780153200015441200003001442764102841251              
000473448421401953881167000028408867277203700440222800               
99999
0000103010427845780153200015440600003001422764102971301              
006605582440401498635665000029708867277103700440222500               
99999
0000103010427845780153200015439400003001392764102581391              
022303912474400560237010000025808867277403600800224700               
99999
0000100010427845780153200015439300003001412764102121181              
029445201233399055046336000021208867277603500340223900               
99999
0000102010427845780153200015439300003001362764101831311              
036830443300399171491322000018308868277403500230221900               
99999
0000103010427845780153200015439700003001332764103261321              
043814381918399833784198000032608867276803600560222800               
99999
0000103010427845780153200015437500003001332764103381311              
058886161670399729367318000033808867277103500540222900               
99999
0000103010427845780153200015441000003001362764103011141              
101953740099401342201619000030108868275803900390222100               
99999
0000103010427845780153200015438600003001322764103571331              
128638991278403766424515000035708868275504100470222400               
99999
0000103010427845780153200015441400003001482764103201221              
177378508972410832480374000032008871278002700290221500               
99999
0000103010427845780153200015440900003001522764103111211              
195734158678414282796067000031108872276403000410221900               
99999
0000103010437845780153200015436900003001262764104061331              
060892781488442710248915000040608895278702000270221400               
99999
0000103010437845780153200015438500003001492764103691441              
067231090627442542261055000036908892278502000310221900               
99999
0000103010447845780153200015436700003001312764102621281              
180641154500492508544665000026208745280002000190221600               
99999
0000103010447845780153200015436200003001332764103171261              
186864855615493204031502000031708743280102000190221600               
99999
0000103010447845780153200015437900003001382764103601371              
193621961324494022959587000036008742280902000280222600               
99999
0000103010447845780153200015437000003001392764102941351              
198707501358494682484822000029408740280902000240223000               
99999
0000103010447845780153200015437600003001282764103821371              
218320782210497562594253000038208732280402300250221900               
99999
0000103010467845780153200015435600003001172764102291351              
121595549705579070247791000022908786276402100110223000               
99999
0000103010467845780153200015437300003001372764103051311              
128781871051578616956874000030508787276102500230225300               
99999
0000103010467845780153200015435500003001352764102871381              
157032187724577492633181000028708787274803300160223600               
99999
0000103010467845780153200015436600003001342764102681381              
170857719281577344199627000026808790273803500170223600               
99999
0000103010467845780153200015436900003001322764103041301              
177160138482577367365198000030408790274003800200225100               
99999
0000103010467845780153200015435400003001472764102301281              
189740077101577586305430000023008790274304300140225400               
99999
0000103010467845780153200015437500003001452764103201291              
197193085011577825403116000032008791274404300300225500               
99999
0000103010467845780153200015438700003001472764103181411              
204463720183578137390085000031808791273704400150223800               
99999
0000103010467845780153200015436000003001232764102911261              
210298541152578444013553000029108792273205300150223200               
99999
0000103010467845780153200015438000003001352764102511271              
217818321862578912872892000025108792273206000320226700               
99999
0000103010477845780153200015437700003001212764102911331              
183736895794614247441557000029108821276003800150225100               
99999
0000103010477845780153200015437400003001302764102431271              
240743423984614826262928000024308822275503300190222500               
