99999
000010301244708024195320-000180100000002302465104844091              
151227160391673662051390000036308006291309200050220552               
158923594355672947841187000058208006291309200070220190               
99999
000010301245708024195320-000177800000002422465104895321              
133524509461679350772416000047408009292308100100240064               
141075107379678089291303000050408011292308100070220056               
99999
000010301249708024195320-000184000000001852465105334211              
221339057279633858454374000053408006292306700130230781               
99999
000010001249708024195320-000173700000002362465104194231              
260046335884627186266233000041908006291807300100252978               
99999
000010301249708024195320-000180400000002142465104345151              
282976783285623267705618000043408004291907000130230282               
99999
000010301249708024195320-000180300000002052465102415101              
368582002683619269332760000018707999292107300060221191               
379688922552619728314055000028607999292107300050222810               
99999
000010301250708024195320-000177100000002372465102525131              
283804442000603317649735000026007981296005700060232266               
293029236112601837550042000024407981296005700040222257               
99999
000010201250708024195320-000177200000002152465104775181              
302744089339600014463760000031307979296005500090220573               
313387368080598639442540000059807979296005500070230002               
99999
000010001250708024195320-000181100000002112465103214931              
334401319382597592100349000032107974295805600060220578               
99999
0000103012537845780153200015555200003001512764103501271              
089760056273520948111704000035008649282706200180224400               
99999
0000103012537845780153200015556600003001472764103761451              
096613947541519900855496000037608649282606300120222600               
99999
0000103012537845780153200015556200003001252764103621321              
126598353519516020181872000036208647282106200260226200               
99999
0000103012537845780153200015555700003001212764101711301              
132779484595515369077099000017108647281906200120226800               
99999
0000103012537845780153200015556100003001222764103211231              
141817024338514512322341000032108645281406000210226100               
99999
0000102012537845780153200015556700003001192764102361391              
157977930942512421222227000023608644281205800160221600               
99999
0000103012537845780153200015557300003001242764103341321              
174605769182512377048945000033408645280705300080222100               
99999
0000103012547845780153200015560200003001232764102641271              
034292467376500404923508000026408694280204400400229900               
99999
0000103012547845780153200015561100003001222764102981331              
052558497990496266510332000029808692280504300710229900               
99999
0000102012547845780153200015556900003001312764101621341              
058977944585493934398282000016208692280504400130226200               
99999
0000103012547845780153200015559900003001312764102811401              
066394385541493274010872000028108690280104500260228700               
99999
0000103012547845780153200015563200003001282764103221301              
114854864567484095172768000032208687280604100320229900               
99999
0000103012547845780153200015556700003001462764103231381              
130079680422481720779731000032308687279704400290228500               
99999
0000103012547845780153200015557000003001402764102671331              
144819896551479689097933000026708685279604500220229300               
99999
0000104012547845780153200015557900003001322764101701371              
150740074193480932317275000017008685280104300080229900               
99999
0000103012547845780153200015559200003001212764103111261              
158113225961478094981757000031108685280404400370229900               
99999
0000103012547845780153200015558700003001202764103471381              
178659487934476096338224000034708687279204800170228600               
99999
0000103012557845780153200015560200003001352764102931331              
065162622681462540660718000029308725280105700290228100               
99999
0000100012557845780153200015558700003001302764102921361              
071678724728461228112877000029208724280105700120225800               
99999
0000103012557845780153200015554800003001262764103081391              
079148339729459372564995000030808724280405500390229900               
99999
0000103012557845780153200015558200003001182764102911391              
091338014523456702192851000029108722281005000810229900               
99999
0000102012557845780153200015559700003001212764102171361              
097308702033454360580298000021708724281604700330229900               
99999
0000103012557845780153200015556100003001282764102901361              
103872120477454062125336000029008724281904500740229900               
99999
0000104012557845780153200015559900003001202764100931411              
110262652332454685247237000009308724282104600080229900               
99999
0000103012557845780153200015558600003001312764103121321              
114921230600451836752985000031208722281404800230229900               
99999
0000103012557845780153200015556500003001472764103091421              
169861466435442542046685000030908724281205300750229900               
99999
0000102012557845780153200015558900003001342764101601381              
174736104764440772909032000016008722281405600160229900               
99999
0000100012557845780153200015556600003001322764101291341              
186094413767440627044169000012908722281405600050227400               
99999
0000103012557845780153200015557200003001332764102881411              
189757691907440035960659000028808722281405600240223400               
99999
0000103012557845780153200015557600003001332764103521371              
198092919967439137970572000035208724281405600420222700               
99999
0000103012557845780153200015556700003001292764102881501              
203774593596438578856105000028808724281705600740224200               
99999
0000103012557845780153200015559900003001182764103741491              
219211117802437281072182000037408725281405500630222700               
99999
0000103012557845780153200015557800003001172764103971501              
225360887337436855424190000039708727281405400380221500               
99999
0000103012557845780153200015558100003001302764103411281              
234337157865436328625956000034108727281705500450221600               
99999
0000103012567845780153200015557600003001302764102301301              
113819871350423295444748000023008740281905400090227200               
99999
0000103012567845780153200015557700003001272764102771481              
146031839919416576102276000027708739281705400340229900               
99999
0000103012567845780153200015554500003001292764102901401              
155246589534414801179148000029008735282405000180228200               
99999
0000103012567845780153200015558500003001222764102471391              
165934784351412839152777000024708735281605200590229900               
99999
0000102012567845780153200015560900003001342764101661381              
172493603704410493621963000016608735281405200100228900               
99999
0000103012567845780153200015554400003001362764102261361              
178758795158410634057289000022608735281005400210227100               
99999
0000103012567845780153200015561800003001352764102741401              
186562526359409377437437000027408735280405700210223700               
99999
0000103012567845780153200015558600003001542764102981511              
194021452881408239966014000029808735280405700220221900               
99999
0000103012687845780153200015559000003001202764102651361              
658309299343639608005346000026508704284204300160221700               
99999
0000103012687845780153200015557600003001242764103931461              
673783033873639986192906000039308705283904400160221400               
99999
0000103012697845780153200015552600003001402764103261361              
655340200804660492778524000032608764282707000200221600               
99999
0000103012697845780153200015558300003001232764103311361              
729889019422661262437536000033108767283107300220221400               
99999
000010301270708024195320-000188200000001952465106214201              
200783601088664346457377000062208026289804900100240583               
99999
000010301271708024195320-000186100000002112465105615111              
113681874313665745271779000056108026293004200100250472               
99999
000010301271708024195320-000184400000002332465105714161              
131937389092665395968837000059208021293004300080230293               
145009958679665498455702000055108026293004300080240086               
