99999
000010305169708024195320-000070300000002462465104504191              
111689589486497927839988000045007981298301800180254539               
99999
000010305169708024195320-000069100000002492465104094321              
179049121649498490492421000045007987296101900080230494               
192288147642499492930972000036407987296101900060225412               
99999
0000103051777845780153200014351900003001142764103131341              
067358949789404197611059000031308795291604000310221800               
99999
0000103051787845780153200014347700003001182764102671501              
062210847537431843910127000026708807291805000720229300               
99999
0000100051787845780153200014353900003001302764102371371              
070172237961430846955260000023708807292304800160228400               
99999
0000102051787845780153200014352400003001172764101931391              
075987499027430785115273000019308807292604500270223800               
99999
0000104051787845780153200014354700003001362764101651461              
084297826205430877583304000016508807293203900080224400               
99999
0000103051787845780153200014354700003001252764102261411              
090685922829429450024540000022608805293203800950229900               
99999
0000100051787845780153200014356000003001462764101611341              
097345687742428818842228000016108805292404000130228000               
99999
0000103051787845780153200014359900003001502764102921491              
115608843739428251086657000029208804292403701170229900               
99999
0000100051787845780153200014356000003001262764102621341              
126706839019427778865965000026208805292703700240229900               
99999
0000103051787845780153200014354200003001512764102561381              
133769565432427944607578000025608805292303601770229900               
99999
0000102051787845780153200014354400003001362764102011321              
141594832185428156567144000020108805292303801000229200               
99999
0000100051787845780153200014353000003001412764102211231              
148114316593427824980168000022108804292303900420227100               
99999
0000103051787845780153200014354500003001372764102561451              
155054106558428217492357000025608805292803702050229900               
99999
0000102051787845780153200014353500003001392764101961481              
162521883369428655670352000019608805292803800720224700               
99999
0000100051787845780153200014357400003001512764102011301              
169081005638428545972110000020108805292703900360223400               
99999
0000103051787845780153200014362400003001512764103051341              
175924139823429156016130000030508805292803801500225300               
99999
0000103051797845780153200014356600003001372764102981551              
072142366652462895387394000029808779293303600210224800               
99999
0000103051797845780153200014353800003001172764103011371              
093671320868460535825002000030108775294303300260224300               
99999
0000103051797845780153200014355700003001342764102381461              
109812373219459136040414000023808774294103200470229200               
99999
0000104051797845780153200014358500003001382764102231461              
115995715846459601037571000022308775294402700090224600               
99999
0000100051797845780153200014353100003001342764101441311              
122721389331457846123448000014408777292903300050226700               
99999
0000103051797845780153200014357200003001412764102431371              
130014193872457874048044000024308777293103500650229800               
99999
0000104051797845780153200014356900003001402764102231411              
137462734215458471288021000022308775292903600110224900               
99999
0000103051797845780153200014356800003001402764102791501              
149758940568457203187886000027908777293802700770226000               
99999
0000103051797845780153200014358300003001472764102871531              
157064707988457101786068000028708777292803400840225300               
99999
0000103051797845780153200014356700003001482764102991591              
163911440952457080248966000029908777293103301260226500               
99999
0000103051797845780153200014354000003001522764102981441              
177327412799457246511951000029808779294302700500221800               
99999
0000103051807845780153200014351000003001362764101881331              
072899722882497287404453000018808745294802000290229900               
99999
0000100051807845780153200014355200003001302764101481261              
078956043003495829006055000014808745294302200080227900               
99999
0000102051807845780153200014356000003001382764101811321              
087492405146495268309253000018108744293902200110223300               
99999
0000104051807845780153200014352400003001312764102641291              
094550376208495187127120000026408744294102200060223000               
99999
0000103051807845780153200014352700003001272764102901351              
102222263890493391400569000029008744293802200350229900               
99999
0000100051807845780153200014352900003001322764101801281              
110415409362491872192844000018008742294202200180229900               
99999
0000103051807845780153200014355000003001352764103371321              
127956350665490738749005000033708740293402400140224000               
99999
0000102051807845780153200014354700003001432764101531321              
134832396201490165550962000015308740293202400080225100               
99999
0000103051807845780153200014357500003001432764102951411              
140194514409489766546391000029508740293102400660229900               
99999
0000100051807845780153200014359300003001492764101961441              
146959397239488722454628000019608740293302400140223400               
99999
0000103051817845780153200014352900003001122764102821331              
097763009080528273169545000028208702290903500120224100               
99999
0000103051817845780153200014354200003001272764102121271              
105434672810527169208169000021208702290803500240229900               
99999
0000100051817845780153200014353900003001282764101871421              
114308602957525219848982000018708700290403700070226300               
99999
0000102051817845780153200014352600003001242764102031251              
120000684956525079852105000020308700290303700100223900               
99999
0000103051817845780153200014355400003001302764102041251              
134207548940523524446978000020408700290203600270229900               
99999
0000103051817845780153200014355500003001282764103181391              
145563544376522330612489000031808699289403700260223100               
99999
0000103051817845780153200014357200003001412764103411291              
152167019072521706849697000034108699289803000240221900               
