99999
0000103022447845780153200015557400003001192764103341381              
084512899857566468665663000033408754286905800080223200               
99999
0000103022447845780153200015559900003001262764102641451              
091784852423564957345465000026408752286905800080223400               
99999
000010302261708024195320-000179700000001182465105124201              
203827016430622873625167000025607959294007000060222775               
211274680143623582664188000067807959294007000090220286               
99999
000010302268708024195320-000177700000001812465104505271              
432033651500652290483884000047107996287807500060220788               
441265643601653616906313000043007996287807500030220073               
99999
000010302269708024195320-000178700000001752465102792381              
341818084269630979045410000025707961289804200080292902               
351644474040630419452602000030107966289804200050221362               
99999
0000103022707845780153200015558700003001242764102571411              
022467903855626773185211000025708695280205900280222000               
99999
0000103022707845780153200015561200003001332764103571311
030549822700625537966867000035708695280206000340221800 
99999
0000103022707845780153200015560200003001262764103311241              
036940482609624615022548000033108695280206100420222300               
99999
0000103022707845780153200015558800003001212764103341351              
049848489609622902297246000033408697280106400400223000               
99999
0000103022707845780153200015558300003001282764103631391              
058480783673621874493665000036308697279906700340221900               
99999
000010302270708024195320-000177700000002312465105324161              
247821076377628080540558000061707956291403900080221289               
255160645029626361689551000043207961291403900080223280               
99999
0000103022717845780153200015559000003001302764102961361
043478295716600705939285000029608747281105800180223000 
99999
0000103022717845780153200015558700003001312764103321341              
049390712322599717332334000033208747280606000210223400               
99999
0000103022717845780153200015558300003001302764103351321              
057586729073598409190196000033508745281005800260224900               
99999
0000103022717845780153200015559100003001302764102461321              
078516393277595418674814000024608745280705300230224300               
99999
0000103022717845780153200015557700003001132764103711361              
113830619889591619955007000037108742280405300180222500               
99999
0000103022717845780153200015557500003001332764103671411              
125917060511590704160764000036708742280905100160221800               
99999
000010302271708024195320-000179500000001942465102554271              
432612310246577174122296000027807966289605300040220679               
443296415271577016512439000023207966289605300040221176               
99999
000010302272708024195320-000180000000001942465102821121              
319398728480562086334658000028207981290605900060229914               
99999
000010302272708024195320-000175100000002192465104391191              
372371277369551187801280000044007979290306000090249996               
99999
0000103022737845780153200015557700003001342764104051391              
088164898320532328114864000040508810278608000180224400               
99999
0000103022737845780153200015554200003001332764103591381              
106123319048528949549234000035908810278608000110222500               
99999
0000103022737845780153200015556500003001372764102511381
132274461991524612666881000025108809278608000110224200 
99999
0000103022737845780153200015556800003001312764103141351              
138358884624523712969644000031408807278507900200225000               
99999
0000103022737845780153200015557100003001342764102461361              
164344865438520376813044000024608807278407900230228700               
99999
0000103022737845780153200015559600003001292764103581511              
217483217005516314602555000035808807277707800270221300               
