99999
000010205092708024195320-000052700000002082465104914201              
481459096082433268503320000049108031276504200070211260               
99999
0000103051047845780153200015224300003001422764101691281              
687513961512636330436055000016908670277907500080229900               
99999
0000103051067845780153200015226100003001242764102641261              
756848715689655091510839000026408545271708600120228700               
99999
0000103051067845780153200015225200003001472764102221251              
789486012187660071564545000022208547271808400090227100               
99999
0000103051067845780153200015221500003001592764101361311              
807307728138663141084166000013608547271708400060228100               
99999
0000103051067845780153200015218800003001542764102791431              
817780531544665034949584000027908549271808400070223300               
99999
0000103051077845780153200015224900003001282764102401311              
717178452800644379486761000024008584274308200120223800               
99999
0000103051077845780153200015222800003001392764103341341              
761277932027647813823061000033408584275106900170223200               
99999
0000103051077845780153200015222800003001332764103011221              
809263630446654106779078000030108587275605800190226500               
99999
0000103051077845780153200015223300003001402764103101161              
832894233267657964278780000031008587275606000110223800               
99999
0000103051097845780153200015218000003001442764102811301              
676809279600615884536025000028108612278403500510226400               
99999
0000103051097845780153200015219500003001492764102641421              
689156213829614734981754000026408614278103800320224900               
99999
0000102051097845780153200015216500003001462764102231301              
698733664498612623384054000022308617277904000170224300               
99999
0000103051097845780153200015217900003001322764102661381              
711002358383613242738787000026608620277604400210223300               
99999
0000103051097845780153200015217800003001432764102571391              
728672064676612555833650000025708622277005100420224400               
99999
000010305110708024195320-000066400000002372465103934171              
098006373384603917046941000021207965290403200040253976               
115101923702602443679728000051507968290403200070232974               
99999
000010205110708024195320-000064100000002362465102962101              
131899122244600121430807000029607968291003000080224864               
99999
000010305110708024195320-000066800000002882465103214181              
232901608649606340495609000032107968289603400150232487               
99999
000010305110708024195320-000062500000002222465103934081              
284248395511614700819836000031307971288803700050223084               
292523838254616313959084000046007971288803700060221291               
99999
0000103051107845780153200015219000003001462764103101181              
834481647825590596227337000031008640277203400280222100               
99999
0000103051107845780153200015217000003001292764102461251              
842194170445591306265499000024608640277403300210222000               
99999
0000103051107845780153200015213600003001122764101941211              
862355703143593505443030000019408642276603500080227500               
99999
0000103051117845780153200015216200003001442764102521211              
003506600535594141823921000025208640276603500230221900               
99999
000010305111708024195320-000063700000002752465102522121              
189603183390574583088640000025207988290301600110233687               
99999
000010205111708024195320-000073300000002022465105525041              
200502856589573543081188000055307988290301600080231689               
99999
0000103051117845780153200015216200003001532764102801221              
665576533031573872808344000028008665278903700190223300               
99999
0000103051117845780153200015218700003001252764102541291              
698927478317568177573173000025408669277904200260223300               
99999
0000102051117845780153200015221000003001542764101801151              
705002048028566083206750000018008670278104100160223600               
99999
0000103051117845780153200015221900003001372764103031231              
712004402980566324687036000030308670278104100520225500               
99999
0000102051117845780153200015221300003001402764102191161              
726356727591563356497976000021908670277704300210223700               
99999
0000103051117845780153200015221000003001402764102831151              
732519611693563894656705000028308672278004400380223800               
99999
0000102051117845780153200015215900003001452764101981361              
740642909833561895918928000019808672278204300300224700               
99999
0000103051117845780153200015214000003001622764102661221              
749691823235562332508786000026608672278204300560225400               
99999
0000102051117845780153200015213700003001422764101101131              
763728770907560182326133000011008672277605100150229900               
99999
0000103051117845780153200015213600003001462764103051231              
770369357265561045500097000030508672277505400470224000               
99999
0000102051117845780153200015212900003001462764102011191              
781575418659559419536668000020108672277205800190223000               
99999
0000103051117845780153200015214500003001532764103201181              
789816134089560438808383000032008672277505800340222800               
99999
0000103051117845780153200015213200003001492764103421231              
810540496167560436203284000034208675278104600380223400               
99999
000010305112708024195320-000065700000002222465103974191              
316113094197555596054082000039708006286601600120241879               
