99999
0000103120927080241953200000069000000002112467402083142              
112990752368534868702625000018007977291101600040220278               
128475364721535357495251000023207977290701600040220175               
99999
0000103121177845780153200007631900003000782764103001341              
677698918032623926009581000030008749282405800220229900               
99999
0000103121177845780153200007632400003000802764102931341              
683192990607624622287736000029308750282205900200229900               
99999
0000103121177845780153200007631700003000762764102511351              
691981750513625793218887000025108751282205900180228100               
99999
0000100121177845780153200007631000003000712764102081221              
702202037865627806431404000020808754282105900130226500               
99999
0000103121177845780153200007630300003000642764103311261              
711802232857628665485106000033108756282305700170224800               
99999
0000100121177845780153200007631200003000792764101811321              
721777177451630795041607000018108757282306000100225400               
99999
0000103121187845780153200007629600003000742764103581481              
644593755931591600980890000035808768288204100520222800               
99999
0000103121187845780153200007630000003000722764103061251              
660177486913592470795422000030608768287404000260222500               
99999
0000100121187845780153200007630200003000762764101881361              
667937388001593729233103000018808768287103900190223400               
99999
0000103121187845780153200007629000003000692764103421391              
689313688888594912112100000034208770286604100550229900               
99999
0000103121187845780153200007629500003000722764102951451              
695409844253595546800820000029508771286304200190228500               
99999
0000103121187845780153200007630000003000722764103401231              
702330303541596315089907000034008771286104400120224100               
99999
0000103121187845780153200007630000003000752764101961351              
710815217604597322972282000019608773285904600070225400               
