99999
0000103093397080241953200000091300000001702464405534272              
425680109694380587120053000025507951273702100060230164               
434441369102381765323892000065007951273502300080230066               
445163010933383357862791000065707951273102600090230076               
99999
0000103093397080241953200000091300000001702464403724262              
426329112367380670474352000017607951273702100050230063               
433424363542381622757097000043107951273502300070230064               
443655618100383124202810000044507951273102600070230045               
99999
0000103093407080241953200000093900000001562464404214252              
394485180232387919920535000048307906280902900080230090               
404255456789388306854151000034707906281302900070230084               
99999
0000100093407080241953200000089400000001342464402932232              
416335768947388840745613000029307902281103000150240079               
99999
0000103093407080241953200000087500000001532464403903252              
430232119953390146289325000039007906281502600120230060               
99999
0000103093437845780153200007147700003000422764102361401              
117268595413459167589599000023608726275805600500229900               
99999
0000103093437845780153200007148600003000372764102401391              
126755368897458359594840000024008726275906000440228000               
99999
0000100093437845780153200007146800003000362764102481431              
134562775079457699342705000024808725275306300090224900               
99999
0000103093437845780153200007147500003000412764102601341              
142286204580457296726855000026008725275406100450229900               
99999
0000103093437845780153200007148100003000392764102641421              
155408133361456662354265000026408725275506100260226800               
99999
0000103093437845780153200007147300003000452764102611371              
169151622997456267667615000026108727275306100130224400               
99999
0000103093437845780153200007147100003000442764102121301              
177269484416456167509858000021208726275206300400229900               
99999
0000100093437845780153200007147400003000392764101661421              
182877230978456096266056000016608729275106300090227000               
99999
0000103093437845780153200007146900003000402764102291411              
192360562473456248603919000022908729275406300600229900               
99999
0000103093437845780153200007147500003000432764102451391              
209351786582456760261731000024508733275306000560229900               
99999
0000103093437845780153200007147800003000452764103571481              
219905607640457302621700000035708734275405500200224200               
99999
0000103093447845780153200007147900003000442764102891531              
143231168178488385826592000028908786278502600280224000               
99999
0000103093447845780153200007147600003000452764103461451              
166468552683486585651930000034608786279002800190222000               
99999
0000103093447845780153200007146600003000442764102961471              
200523284182485306041221000029608785279002100170222200               
99999
0000103093617080241953200000086000000001752464402683302              
059074676452506496101847000031707964276204100070230077               
068112950857505637475017000020707964276004200080230071               
