99999
000010303308708024195320-000051700000001932467105825251              
181768494037588608850539000058307975288904100070222315               
99999
000010303313708024195320-000046500000001772467105215181              
107658560470670301997347000052208046283508600110230273               
99999
000010303316708024195320-000047100000001402467105244101              
370840533475650278208092000046908020285906800050220074               
379564485592650800583167000057508020285906800120221089               
99999
0000103033187845780153200015587300003001172764103751461              
066454305824628218516245000037508792275308700230220900               
99999
0000103033187845780153200015584400003001222764103641381              
080435213995627077552257000036408792274208700430222100               
99999
0000103033187845780153200015583900003001232764104111361              
103851159596625746152648000041108789274808800320221300               
99999
0000103033187845780153200015586700003001142764103671471              
111238191419625479903716000036708789274808800240221200               
99999
0000103033187845780153200015584500003001212764103731381              
125433634822625177265072000037308787274808800210220600               
99999
0000103033187845780153200015586800003001132764104291461              
139976961495625151883949000042908785274908800380221300               
99999
0000103033197845780153200015584500003001192764103461461              
020321204838615707960917000034608752274607800190221600               
99999
0000103033227845780153200015586000003001102764103921291              
111098036431512953982718000039208789280204500120222800               
99999
0000103033227845780153200015583800003001202764103071311              
155638680460504692435346000030708789281203200100223100               
99999
0000103033227845780153200015585300003001192764103281391              
172192351971502223292278000032808790281902900130224900               
