99999
0000103050607845780153200015217600003001192764103291361              
064188394477529314042043000032908619263905800220225300               
99999
0000103050607845780153200015216000003001132764103531201              
070612959905528675601394000035308619264106100170223400               
99999
0000103050607845780153200015212700003001122764103251211              
090351619675527079800770000032508617263106300180224200               
99999
0000103050607845780153200015213200003001032764103191201              
114577380746525896823343000031908612263606200190225500               
99999
0000103050607845780153200015209200003000822764103551311              
128679157114525607938208000035508610263605900170223300               
99999
000010305062708024195320-000057900000002042465106895311              
487121651238462750215662000068907984278604300060240895               
99999
0000103050747845780153200015217300003001482764102691431              
671736392749586172920374000026908810279106700130222800               
99999
0000103050747845780153200015212100003001242764102731251              
705012061855592244693835000027308817279206500150223600               
99999
0000103050747845780153200015215700003001342764102951391              
724691085323596269823736000029508822279604900140222700               
99999
0000103050757845780153200015217800003001252764102071361              
679641916613612446352398000020708855282104500160226000               
99999
0000103050757845780153200015218200003001462764103121311              
735476965760621411083933000031208857281904100120222100               
99999
0000103050757845780153200015216900003001612764102611361              
760303080455626254060353000026108859280504500270227300               
99999
0000103050767845780153200015219700003001432764102321361              
665504744294630781150213000023208847282705100140227100               
99999
0000103050767845780153200015219700003001482764101911451              
673788115190631366059016000019108850282705100100224900               
99999
0000103050767845780153200015219000003001452764102131301              
703986578196634232485448000021308850281405800110223800               
99999
0000103050767845780153200015220600003001432764102111241              
722361265508636507111795000021108850281205800170227500               
99999
0000103050767845780153200015220600003001442764101771361              
738008528440638731948937000017708852280606100210229900               
99999
0000103050767845780153200015220700003001422764102011231              
747377993077640180668862000020108852280705900230227700               
99999
0000103050767845780153200015218500003001522764101601331              
756518010012641671551000000016008852281603700210229900               
99999
0000103050767845780153200015221600003001412764101921311              
765359545527643181497764000019208854282403400280229900               
99999
0000103050767845780153200015220000003001512764102521221              
771160844647644205898991000025208854281903100170225900               
99999
0000103050767845780153200015219600003001462764102411381              
786028396973646941048163000024108855281903900370229900               
99999
0000103050767845780153200015220600003001472764102671391              
793763892835648419800711000026708854282103500370229900               
99999
0000103050767845780153200015217700003001502764102571391              
803125740515650253154356000025708852281703500290229000               
99999
0000103050777845780153200015214300003001412764102401251              
696289575659645357548986000024008820283102800500229900               
99999
0000103050777845780153200015213000003001312764101921261              
741419990288649124822305000019208820283202300160226800               
99999
0000103050777845780153200015211900003001622764101701331              
793776758233656360253639000017008817282702300520229900               
99999
0000103050777845780153200015212300003001532764103461331              
826754562749662117584499000034608815283602000210226000               
99999
0000100050777845780153200015214200003001342764101771321              
835333684099662850101174000017708812283902000180225200               
99999
0000103050777845780153200015213900003001562764102991501              
841824369619664962314887000029908812282902000150223900               
99999
0000103050787845780153200015213400003001642764102031301              
710052176504650532721542000020308752283702700470228900               
99999
0000103050787845780153200015216100003001562764102471391              
737939901556651699423736000024708754282902900630229900               
99999
0000103050787845780153200015209600003001402764102961431              
767939155374654079312620000029608752284202400390226100               
99999
0000103050787845780153200015211100003001412764102391291              
792125255583656778648086000023908752284702300690229900               
99999
0000103050787845780153200015210800003001362764102221311              
803867053456658316063771000022208750283202800620229900               
99999
0000103050787845780153200015213500003001532764102821361              
824555552610661345082245000028208750283202900270224900               
99999
0000103050787845780153200015212200003001422764102191301              
832753731408662646793880000021908750283602800420229900               
99999
0000103050787845780153200015214800003001522764102421351              
845671912228664799924334000024208750283102900370226800               
99999
000010305079708024195320-000044600000002312465103281181              
138397384352649431948854000013607972280904600130229911               
145860455713649858976541000044507972280904600070224205               
99999
000010205079708024195320-000038100000002502465107495271              
156080596842649264680246000074907972280904700040212196               
99999
000010305079708024195320-000051700000001592465103725291              
296620746514673880362269000037207968280005300090231693               
99999
0000103050797845780153200015213800003001382764102721421              
696181728416648663786192000027208724280605500220222900               
99999
0000103050797845780153200015212500003001372764102261361              
711619158303648123754638000022608722280905200230224000               
99999
0000103050797845780153200015214300003001432764102521321              
720552268763647962423819000025208724282104300370225700               
99999
0000102050797845780153200015212800003001342764101181351              
728212373513646579617039000011808725280705200080224700               
99999
0000103050797845780153200015213800003001412764103011291              
736326577240647949947629000030108725281404500270223100               
99999
0000103050797845780153200015219400003001542764102911431              
753388654791648326698575000029108725280904900220222800               
99999
0000103050797845780153200015217200003001512764103031301              
761396984326648641691577000030308724280505300280223200               
99999
0000103050797845780153200015217200003001492764103491471              
776692651130649483262405000034908724280105300220222600               
99999
0000103050797845780153200015216000003001462764101751381              
799368561654651288641936000017508722280605300150222700               
99999
0000103050797845780153200015213000003001572764101801331              
848056226442657172986069000018008722279605600210226500               
99999
000010305080708024195320-000038200000002212465102672111              
077040750071646677826819000022407930284802700050223078               
086506195570645755930811000030507930284802700060231985               
99999
0000103050807845780153200015215000003001352764103351251              
710485160437639969967964000033508727280204300210224200               
99999
0000103050807845780153200015213900003001372764103211291              
743317276177638310654112000032108727279904000320223700               
