99999
0000103051367845780153200015219000003001442764101731311              
719402648037633871065262000017308695280707500150229900               
99999
0000103051367845780153200015217300003001432764102371321              
729767498675634725945663000023708697280607400090225600               
99999
000010305137708024195320-000087900000002022465102251171              
193407016467633527930457000022707954288406500090229902               
201379827803634984161139000022507954288406500100229995               
99999
000010205137708024195320-000085100000002102465100405041              
224807666199638186627807000004107954288006700030247099               
99999
0000103051387845780153200015223000003001342764102811271              
705895010487583595689420000028108712283107100240224100               
99999
0000103051387845780153200015217600003001322764103271351              
808196844816588215266759000032708734282707400150221700               
99999
0000103051387845780153200015216900003001532764103201331              
817728600176589346559282000032008735282407400180223300               
99999
0000103051387845780153200015214400003001482764101651371              
837485607965591989258600000016508737282407500130225000               
99999
0000103051387845780153200015215900003001542764103021331              
847829859189593515486172000030208737282407500160222500               
99999
0000103051397845780153200015216600003001412764102601311              
698288741143553554442530000026008774284105500350224100               
99999
0000103051397845780153200015217900003001482764103001371              
714440521937552389288073000030008775283405700530227300               
99999
0000103051397845780153200015213700003001462764102151341              
729675591007551658569967000021508777283605700590229700               
99999
0000102051397845780153200015213600003001652764101281361              
736882733552550259994919000012808779283605700220229900               
99999
0000103051397845780153200015218600003001582764103161431              
758766957450551259705101000031608780282906000400225100               
99999
0000102051397845780153200015216900003001462764102371421              
765699662992550177472016000023708780282706100170223100               
99999
0000103051397845780153200015218700003001582764102761491              
773697900592551554712777000027608780282906000430225600               
99999
0000102051397845780153200015217700003001542764101461391              
785492376620550842057867000014608780283405700130226400               
99999
0000103051397845780153200015217700003001492764103281461              
793108848316552425258922000032808780282905900320225100               
99999
0000102051397845780153200015217300003001502764102131261              
801179897532551765479087000021308782282706000160224000               
99999
0000103051397845780153200015218900003001462764102681491              
807569307227553414575396000026808782283105900250223200               
99999
0000103051397845780153200015220300003001472764102601291              
827135783524555183881369000026008782282705900250225200               
99999
0000102051397845780153200015219900003001522764101651421              
833472837887554679405060000016508780282406000110223400               
99999
0000103051397845780153200015222100003001542764103421281              
841454433946556766645858000034208780282206300200223000               
