99999
0000103101407080241953200000038800000001132467402051062              
094947119374421827936540000020507964292402200060230175               
99999
0000103101407845780153200007275200003000412764102621221              
674517470706422744555448000026208772284405300160222100               
99999
0000103101407845780153200007274300003000372764103161271              
687813221563423837113135000031608773283705700110223000               
99999
0000103101407845780153200007274200003000392764101501241              
695286251387424560209878000015008774283905600200229900               
99999
0000103101407845780153200007274100003000362764102401201              
714955101891426821268691000024008775283705600140224400               
99999
0000103101417080241953200000088900000001622467404131182              
090053510686419928268459000041307983294601600110234084               
99999
0000101101417080241953200000062900000001682467403331152              
111883769806425099782585000033307986294201600050270807               
99999
0000103101427080241953200000051700000001902467403483172              
110441007613425453196678000036407966294306200050230065               
123785353109426712508292000033107966293107000060230063               
99999
0000103101427080241953200000060800000001442467405574202              
194169826160438027774639000055707969293305400070250001               
