99999
0000103080427080241953200000095100000001912465502441181
048414269379447632024822000024408013285802700051249985 
99999
0000103080497080241953200000032100000000302465404964191              
044947240654456231595740000059007939280303300100230774               
054622608226454710797458000038107939280303300160234180               
99999
0000102080497080241953200000032300000000212465404704121              
067079510136452146797287000047007939280303300130240075               
99999
0000103080497080241953200000026300000002232465403884281              
144328187561446467745345000035107956278404000080221083               
152787667785446320955835000042307959278404000140221401               
99999
0000103080497080241953200000070700000001852465505084331
293991004679460613109139000052407969273106300121220680 
301554315515462148862240000049307969273106300091221170 
99999
0000103080507080241953200000034600000000302465405104051              
102601924714470357968831000051007989279604400230240888               
99999
000010208050708024195320-000595500000000942465407115291              
117168430579467972347395000071207992279004500150250095               
99999
0000102080507080241953200000069300000001722465505754281
117346699633467951850478000057507992279004500151250007 
99999
0000103080507080241953200000075800000001922465505894381
192971049743464249163059000059007992277305300231250595 
99999
0000103080527080241953200000086400000002042465505764281
185349385253516843315677000057607954283902600101220091 
99999
000010308052708024195320-000572100000002292465404275271              
185423699515516835869608000042807954283902600100220198               
99999
000010308058708024195320-000586400000001112465403554301              
401806043641660778417158000035608031274602900090221370               
99999
0000103080587080241953200000075800000002062465503044271
402111630723660772726297000030408031274602900081221559 
