99999
000010303068708024195320-000182100000001742465101041101              
080315253717655150264500000010407986286502400030239969               
99999
000010303070708024195320-000170900000001732465100035091              
042209785693608795286192000000307959290003700030219996               
99999
000010303071708024195320-000171000000001792465103315121              
019578218306581123140685000033107941294301900100231057               
99999
000010003071708024195320-000170500000001872465105355181              
032538329261579902015951000053507941292802000090230876               
99999
000010303071708024195320-000176900000001992465103864371              
097570072027578166573143000038607949289902200100242493               
99999
000010003071708024195320-000172400000002442465104094121              
107317895890578467474535000041007949289802300070212910               
99999
000010003071708024195320-000170200000002352465105324051              
114262653619578787327547000051607951289602200080220798               
126540665684579529727580000054807951289602200060240504               
99999
0000103030717845780153200015569700003001162764103301361              
677454447356555255250689000033008742283602500210221600               
99999
0000103030717845780153200015566900003000982764103671541              
708666874046554546138064000036708742282702800180221200               
99999
0000103030717845780153200015570700003001232764102751341              
806609319413560242677972000027508739282902100170222000               
99999
000010303072708024195320-000179400000001152465105084201              
097570202766541109876284000050907969290301600100240887               
99999
000010203072708024195320-000178200000001912465105014131              
111590094394539191550302000050207971290301600080231762               
99999
000010003072708024195320-000179700000001882465102825301              
126058286998540729910557000028307974290101600090222496               
99999
000010303072708024195320-000178600000001882465105194331              
133954795467540969780766000053307974289901700050230014               
144357558733541314602105000050407976289901700070222377               
99999
000010303072708024195320-000185600000002072465104644221              
226228141265549236534508000044407976288301700050220680               
237039474246550850601908000048507981288301700070231385               
99999
000010303080708024195320-000176300000001952465103744241              
282316524056376573982415000037407939279906300180242201               
99999
000010203080708024195320-000181100000001882465106224151              
314023467931373863770918000054707939279906400080220199               
322247605817373602396351000069007934279906400060220282               
99999
000010303082708024195320-000187300000001682465102692291              
360370293960430838536391000013807989282604400070229901               
366850164053430513816828000035507989282604400120229185               
99999
000010003082708024195320-000184400000001732465105242141              
375338500980429730874045000052507989282404300040239999               
99999
000010203082708024195320-000185000000002012465104105021              
397984984296429821472856000041007989282604200120250109               
99999
000010303082708024195320-000181100000001572465104564191              
450118818125432423735493000048707991282803400060222380               
459528978520433356707627000042407991282803400070232195               
99999
000010303083708024195320-000179900000001982465103881411              
455247652012464647532482000038807956286502400110236589               
99999
000010203083708024195320-000182600000001362465105764251              
462971435721465175264229000057707956286402400090220695               
