99999
0000103030097845780153200015558100003001152764103041291              
680423253621652616910399000030408582271807300180225700               
99999
0000103030097845780153200015558100003001152764103041291              
680423253621652616910399000030408582271807300180225700               
99999
0000103030127845780153200015563600003001122764103021191              
721643578016636680522089000030208767270508000190221200               
99999
0000103030127845780153200015561900003001222764103721281              
745412876862637897670581000037208770270107500230221400               
99999
0000103030127845780153200015561900003001222764103721281              
745412876862637897670581000037208770270107500230221400               
99999
0000103030127845780153200015561500003001242764103231221              
753612108561638497374128000032308772270507500200221300               
99999
0000103030127845780153200015561500003001242764103231221              
753612108561638497374128000032308772270507500200221300               
99999
0000103030137845780153200015559500003001102764103721291              
666562375707619035086602000037208784274902000380221200               
99999
0000103030137845780153200015559100003001202764103341241              
675999165790618227126810000033408787275102000330221300               
99999
0000103030137845780153200015559100003001202764103341241              
675999165790618227126810000033408787275102000330221300               
99999
0000103030137845780153200015559600003001102764103461311              
692604739377617111591300000034608785274602000510221700               
99999
0000103030137845780153200015559600003001102764103461311              
692604739377617111591300000034608785274602000510221700               
99999
0000102030137845780153200015562100003001202764102561201              
696959737910616147692409000025608787274802000110222000               
99999
000010303014708024195320-000185300000001742465102892211              
041636061531613867839651000029008016282405200110214966               
99999
000010203014708024195320-000181600000002132465105925131              
053561065016611269647938000059208016282305200110250264               
99999
000010303014708024195320-000181400000001442465105475151              
134714721771605790624552000054708019281105600100230261               
99999
000010303015708024195320-000190200000001322465103285081              
060764637209589135724542000032808019283505400070213480               
99999
000010203015708024195320-000192900000001652465104704191              
070040342611586554514543000047008024283505300080212047               
99999
000010003015708024195320-000189700000001602465104654201              
083084243898585514570593000046608024283305500110220783               
99999
000010303015708024195320-000192700000001432465105844201              
106717814749582519195726000058408019283105500130240993               
99999
000010303016708024195320-000180500000001462465106565201              
193217236200549091515578000065608011284303400120240055               
99999
0000103030237845780153200015562800003001132764103831321              
006799826328438956982586000038308625273905800340221400               
99999
0000103030237845780153200015562800003001132764103831321              
006799826328438956982586000038308625273905800340221400               
99999
0000103030237845780153200015564800003001072764102771391              
012894910161437926515237000027708625273905800440222800               
99999
0000103030237845780153200015564800003001072764102771391              
012894910161437926515237000027708625273905800440222800               
99999
0000103030237845780153200015563500003001042764101921281              
026830270025435712148272000019208624273905800400224800               
99999
0000103030237845780153200015561200003001242764102661271              
039789008900433845038947000026608622273905800400222600               
99999
0000103030237845780153200015561200003001242764102661271              
039789008900433845038947000026608622273905800400222600               
99999
0000103030237845780153200015563200003001142764102881321              
054334404269431989985190000028808620274205300440222800               
99999
0000103030237845780153200015563200003001142764102881321              
054334404269431989985190000028808620274205300440222800               
99999
0000100030237845780153200015562200003001172764102791311              
060634205858430594408145000027908620274105300090222500               
99999
0000100030237845780153200015562200003001172764102791311              
060634205858430594408145000027908620274105300090222500               
99999
0000103030237845780153200015562300003001102764103541221              
073911978981429928505859000035408617273705600360222100               
99999
0000103030237845780153200015562300003001102764103541221              
073911978981429928505859000035408617273705600360222100               
99999
0000103030237845780153200015562200003001162764103461281              
085004808017428996108535000034608617273705000220221100               
99999
0000103030237845780153200015562200003001162764103461281              
085004808017428996108535000034608617273705000220221100               
99999
0000103030237845780153200015564700003001172764103391381              
116923195185427322472814000033908617274304700330221700               
99999
0000100030237845780153200015564500003001112764102571261              
123025469145426530973520000025708620274104900090222100               
99999
0000103030237845780153200015563000003001112764102541201              
129852780236427085177966000025408620274104800330221900               
99999
0000103030237845780153200015563000003001112764102541201              
129852780236427085177966000025408620274104800330221900               
99999
0000103030237845780153200015563800003001112764103611271              
146650205985427162771701000036108622273505100260221100               
99999
0000103030237845780153200015563100003001252764103681321              
163289123825427668286639000036808624273504900220221400               
99999
0000103030237845780153200015563100003001252764103681321              
163289123825427668286639000036808624273504900220221400               
99999
0000103030237845780153200015564200003001142764103431251              
175835387891428327489319000034308627273204900250221200               
99999
0000103030237845780153200015564200003001142764103431251              
175835387891428327489319000034308627273204900250221200               
99999
000010303023708024195320-000191700000001572465103154151              
468466960149424527112956000034908029277907800160229915               
477244017955425509599521000027708029277907800030220598               
99999
0000103030247845780153200015563400003001082764102301251              
030085944161441466293496000023008722274202000100222900               
99999
0000103030247845780153200015562000003001182764103201211              
058491558915436960320988000032008725274302000140222900               
99999
0000103030247845780153200015560000003001332764102931251              
098780451581432160643181000029308730274202000160223100               
99999
0000103030247845780153200015560000003001332764102931251              
098780451581432160643181000029308730274202000160223100               
99999
0000103030247845780153200015560700003001202764103921281              
138791147825429593681584000039208730274102100120222800               
99999
0000103030247845780153200015561900003001202764102721281              
155781546512429227864054000027208727275102000110223000               
99999
0000103030247845780153200015561900003001202764102721281              
155781546512429227864054000027208727275102000110223000               
99999
0000103030247845780153200015559700003001112764102301271              
165452537585429217874626000023008727275502000090224000               
99999
0000103030247845780153200015561000003001122764102651221              
174952471634429348521869000026508730275602000170224800               
99999
0000100030247845780153200015560800003001182764102241271              
182530973644428935258404000022408732275602000130229900               
99999
0000102030247845780153200015559600003001172764101601331              
188348919653428691669824000016008734275502000100224000               
99999
0000102030247845780153200015559600003001172764101601331              
188348919653428691669824000016008734275502000100224000               
99999
0000103030247845780153200015560700003001232764103241261              
211310962122431118577986000032408737275302000120222700               
99999
000010303025708024195320-000178300000002212465102701071              
371883141385437918499653000035107979284004000070229908               
379323345841436817098262000015107979284004000050229992               
99999
000010003025708024195320-000173000000002542465101131981              
395125693789434134865210000011307979284304200050239996               
99999
000010203025708024195320-000179600000002232465104634191              
407315093323432592132901000046407979284304500100240666               
99999
000010303025708024195320-000180200000001892465103121091              
457427508907430565146752000031207979284004700140249998               
99999
000010203025708024195320-000172200000002442465103444091              
470710006593429734377259000034407979284004800110241587               
99999
000010003025708024195320-000174900000002462465100651151              
486318261951430389393716000006607979284004800040219905               
99999
0000103030267845780153200015558700003001152764102241351              
156606126271447189302942000022408742274203100160229900               
99999
0000103030267845780153200015561600003001202764102201201              
172628610074445995953498000022008740274103300090223900               
99999
0000103030267845780153200015561600003001202764102201201              
172628610074445995953498000022008740274103300090223900               
99999
0000103030267845780153200015562600003001152764103871391              
209951218570444613909755000038708747274203000150223800               
