99999
0000103050327845780153200014367100003001322764103241251              
084905229264540877014775000032408685277102001190229900               
99999
0000100050327845780153200014367200003001252764102081261              
091231167427540252837624000020808684277202000240229900               
99999
0000102050327845780153200014367300003001242764101981361              
098803334151537899774452000019808682277002000250224000               
99999
0000103050327845780153200014366600003001252764102511301              
107048304873537935024754000025108680277702000830229900               
99999
0000100050327845780153200014366200003001292764101231251              
118813896831536947007522000012308680277102000140229900               
99999
0000103050327845780153200014367900003001222764103481381              
126038991388535954072948000034808679277202000740229900               
99999
0000102050327845780153200014368000003001142764102101181              
134907906847534156794765000021008677277602000250223500               
99999
0000100050327845780153200014371200003001172764101101141              
141736297176535028020328000011008677277902000050226500               
99999
0000103050327845780153200014368600003001192764102921401              
153907377808534004295424000029208675277502001750229900               
99999
0000103050327845780153200014368900003001112764103431321              
172822499761533346280085000034308672277702000500229900               
99999
0000103050327845780153200014367900003001202764103081321              
180734996750533231197103000030808670278402000760229900               
99999
0000103050327845780153200014364900003001192764103161361              
194925040107533259224011000031608669278002000420229900               
99999
0000103050327845780153200014367900003001222764103201281              
208606053896533566455299000032008669277502000300228800               
99999
0000103050327845780153200014364800003001272764103181361              
215907363307533840381068000031808667277202000240228100               
99999
000010005046708024195320-000065600000001882465106465301              
013412845109555366257772000064707980289403300080250083               
99999
0000103050477845780153200015216200003001192764103301281              
773222514878626838903905000033008615268604700120226700               
99999
0000103050477845780153200015216600003001212764102951351              
789592604988629897749342000029508617269004200090224800               
99999
0000103050487845780153200015219700003001122764102931381              
655943012624635337396831000029308662270603500480228300               
99999
0000103050487845780153200015219100003001162764103421311              
665610528595635301330720000034208662270803400500228600               
99999
0000103050487845780153200015218000003001182764102771381              
746356309255639899893198000027708672270303400270227700               
99999
0000103050487845780153200015216100003001142764103331261              
781023270917644363834542000033308674271003000190224700               
99999
0000103050487845780153200015215900003001212764103091341              
797163645146646869957968000030908672271802800230225100               
99999
0000103050487845780153200015217600003001132764102501291              
815346441322649970842304000025008674271802700320229700               
99999
0000103050487845780153200015217900003001202764103081341              
824606701667651649159039000030808675271402500430229900               
99999
0000103050487845780153200015216300003001172764102861381              
862055246072658961095808000028608677270302700200225400               
99999
000010305052708024195320-000074200000001792465105125181              
036656814294668901515028000051307988286303700080210389               
99999
000010305059708024195320-000053700000002112465104945231              
436528647658536353723263000049507981273308400100240291               
