99999
0000103110157080241953200000087800000001422467404294252              
208294767070558464296149000049208001277904500030250083               
220057893472560020388696000035608001278304300130250063               
99999
0000103110237080241953200000089200000001352467402813172              
332949335187382883893329000020407927280104100050230080               
342074938861382589909604000034107927280104100080230282               
99999
0000103110257941770153200010854000000001982301203073161              
133901040000423586673654000030709577272308800230221159               
99999
0000103110257941770153200010854000000000002000000005842              
133901040000423586673654000000009577272408800230220048               
