99999
000010302032708024195320-000203900000001522465104624081              
380233215077376492104325000046207999273108500160261580               
99999
0000103020337845780153200015561100003001102764103771241              
009337556035406648474661000037708850279502800320221200               
99999
0000103020337845780153200015558200003001252764102741331              
016966242926405688033189000027408850279502800490222600               
99999
0000103020337845780153200015560100003001122764103411161              
024370712990404816186394000034108850279402700570223100               
99999
0000103020337845780153200015564600003001112764102811271              
038224302522403355351067000028108850279202600640223000               
99999
0000103020337845780153200015563800003001172764102651361              
052737882386402080009937000026508852279402500660223200               
99999
0000103020337845780153200015564800003001202764103921321              
079224677504400484091131000039208852280002200330220900               
99999
0000103020337845780153200015565600003001202764103001201              
093042052291400050835572000030008854279502300590223400               
99999
0000100020337845780153200015563600003001162764102381301              
101042946526398862316381000023808852279002400230223300               
99999
0000103020337845780153200015562700003001242764102581341              
106611730359399903515852000025808852279502200470222700               
99999
0000103020337845780153200015563700003001242764102611291              
119723192880400028317392000026108852280102100610225100               
99999
0000103020337845780153200015561500003001282764103121261              
134031272171400467260001000031208852279902100730224600               
99999
0000103020337845780153200015560400003001272764103061261              
147618084206401176814851000030608852279902100570223500               
99999
0000103020337845780153200015565200003001112764103071231              
160876377748402141762638000030708852279902200510223200               
99999
0000103020347845780153200015570100003000892764103011271              
045430746295437421328776000030108855277203300280223400               
99999
0000103020347845780153200015569800003000892764103181501              
051860925545436690998622000031808854277103300730228900               
99999
0000100020347845780153200015570200003000862764101571311              
056190083280435101882191000015708854277003500070229900               
99999
0000103020347845780153200015569500003000942764103151401
070024770604434883789147000031508855277103500390224500 
99999
0000103020347845780153200015569200003000942764102651411              
076154436047434364493828000026508854277403400500226000               
99999
0000100020347845780153200015570600003000922764101961351              
083246136809432711594162000019608854277103400080229900               
99999
0000103020347845780153200015567600003000962764103011361              
094258754131433116821319000030108852277103600430226400               
99999
0000103020347845780153200015568400003000972764102991521              
104517612128432608501576000029908852276803600280223500               
99999
0000103020347845780153200015568300003000932764102461391              
119152769849432143824763000024608849276303700380227400               
99999
0000103020347845780153200015568300003001052764103591381
133646800783431995043118000035908847276604000310223800 
99999
0000103020347845780153200015571300003000842764103081321              
139769871590432027226536000030808847276604000190222600               
99999
0000103020347845780153200015570400003000932764102851361              
147180743029432142516449000028508847276603900180222100               
99999
0000103020347845780153200015570700003000922764103271351              
156239111868432397572703000032708847276104000210223400               
99999
0000103020347845780153200015571800003000812764102991431              
169511296162432998536687000029908847276304000190223200               
99999
0000103020347845780153200015570000003000922764102691331              
176623554872433431482198000026908845276104300190222800               
99999
0000103020347845780153200015569800003000952764102711451
192274994912434654085953000027108842275804400240224100 
99999
0000103020347845780153200015570900003000942764103391421              
198815124708435273415058000033908842276503900250223500               
99999
0000103020357845780153200015563100003001222764102871311              
100966379323470065269284000028708795274207100180222200               
99999
0000103020357845780153200015564500003001162764103791411              
121875487621468607490919000037908794274307700160221800               
99999
0000103020367845780153200015561300003001172764102381321              
167802334133503966018355000023808772275609900240229900               
99999
0000103020367845780153200015562200003001162764103501261              
173940941416503787686166000035008770275309900140223100               
99999
0000103020367845780153200015561700003001172764101941371              
188644586249503576225110000019408770275109900090224500               
99999
000010002052708024195320-000187900000001582465104585301              
144009118635540970338696000045807976283105200060230888               
99999
000010302053708024195320-000197300000001712465106615201              
237823214850505780101393000066208066275107900060231064               
99999
000010302054708024195320-000190500000001422465105155121              
040249740613458905638778000051508014284103900100260070               
99999
000010302054708024195320-000185200000001792465104694301              
113032985251450827057650000047008016281304600180241863               
99999
000010202054708024195320-000186500000001392465104834251              
123189904543449052776060000048308016281104600120213161               
99999
000010302054708024195320-000189800000001392465104325271              
247498246235457763098488000025908004281404300070221289               
254379854788458747281525000055408004281404300050220085               
99999
000010302055708024195320-000184500000001682465106085271              
154714752142408281366541000060907964285803800090230181               
