99999
0000103033377845780153200015577500003000952764103431481              
739413111581633186188009000034308719279505800390222000               
99999
0000103033377845780153200015577500003000952764103431481              
739413111581633186188009000034308719279505800390222000               
99999
0000103033377845780153200015577400003001082764103921461              
746106935680633622726388000039208719279405800330221500               
99999
0000103033377845780153200015577400003001082764103921461              
746106935680633622726388000039208719279405800330221500               
99999
0000103033377845780153200015576700003001102764102921401              
757476552958634518258307000029208715279105800270221400               
99999
0000103033377845780153200015576700003001102764102921401              
757476552958634518258307000029208715279105800270221400               
99999
000010303346708024195320-000049500000002452467103534251              
241925419615620634015015000029407929282601900170223875               
249416257980619295535731000040407929282601900210233794               
99999
000010003346708024195320-000050200000002012467106825091              
287792138330613145579922000063907926281802200080230691               
299456248527611837527575000072307926281802200040230088               
99999
000010303346708024195320-000043000000002982467104864291              
372049310640609008758772000054407920280802800060230068               
383913685988609295717116000042207920280802800100231086               
99999
000010303346708024195320-000043000000002262467104154121              
375665280753609071976158000047607920280802800060220190               
385121358914609337696948000034407920280802800080222697               
99999
000010303346708024195320-000053100000001892467105224211              
471026364587617846119908000062407920279804100070220287               
480563606141619370032273000039607920279804100120230567               
99999
0000103033467845780153200015577000003001062764103721381              
797063318218618735767022000037208782282402000600221200               
99999
0000103033467845780153200015576100003001082764103321361              
804978744771617086269983000033208785280102200730222100               
99999
0000103033467845780153200015578300003001162764103241401              
815894310383614869091013000032408785280602200700221300               
99999
0000103033467845780153200015578300003001162764103241401              
815894310383614869091013000032408785280602200700221300               
99999
0000103033467845780153200015577100003001022764103381371              
855587432727607539736787000033808787279602700560221100               
99999
0000103033467845780153200015577100003001022764103381371              
855587432727607539736787000033808787279602700560221100               
99999
0000103033477845780153200015578900003001212764103701441              
004577318239605449552362000037008785280102500550220800               
99999
0000103033477845780153200015578900003001212764103701441              
004577318239605449552362000037008785280102500550220800               
99999
0000103033477845780153200015577400003001062764103001341              
012430415618604271770242000030008787280102601320223700               
99999
0000103033477845780153200015577400003001062764103001341              
012430415618604271770242000030008787280102601320223700               
99999
0000103033477845780153200015583900003001192764103201421              
042183086398600454606626000032008787280102800870221900               
99999
0000103033477845780153200015583900003001192764103201421              
042183086398600454606626000032008787280102800870221900               
99999
0000103033477845780153200015578900003001162764103341481              
065208046380598263679299000033408792279702900890222000               
99999
0000103033477845780153200015578900003001162764103341481              
065208046380598263679299000033408792279702900890222000               
99999
0000103033477845780153200015578100003001092764103341421              
071543507606597785031499000033408792280002800540220700               
99999
0000103033477845780153200015578100003001092764103341421              
071543507606597785031499000033408792280002800540220700               
99999
0000103033477845780153200015579700003001232764103181471              
089171574541596744369918000031808792280502300780221800               
99999
0000103033477845780153200015579700003001232764103181471              
089171574541596744369918000031808792280502300780221800               
99999
0000103033477845780153200015580900003001122764104001311              
126623148183595981791394000040008790280002300860221300               
99999
0000103033477845780153200015580900003001122764104001311              
126623148183595981791394000040008790280002300860221300               
99999
000010303347708024195320-000059000000001992467105784391              
459096629384589400776380000059207969273105700070220005               
470085014211590590114395000056507969273105600120230568               
99999
0000103033497845780153200015577000003001042764103451391              
008060661941563173472681000034508662277004900280221600               
99999
0000103033497845780153200015577000003001042764103451391              
008060661941563173472681000034508662277004900280221600               
99999
0000103033497845780153200015573700003000892764103071521              
029550933334558628271009000030708662277405600280221300               
99999
0000103033497845780153200015573700003000892764103071521              
029550933334558628271009000030708662277405600280221300               
99999
0000100033497845780153200015576800003001112764102141361              
035400601562557090436132000021408664276606200170229900               
99999
0000100033497845780153200015576800003001112764102141361              
035400601562557090436132000021408664276606200170229900               
99999
0000103033497845780153200015576300003000942764103061461              
048076654914555025722407000030608667276307000250221100               
99999
0000103033497845780153200015576300003000942764103061461              
048076654914555025722407000030608667276307000250221100               
99999
0000103033497845780153200015577300003001132764103791491              
061661551481552602107406000037908667275807500280221300               
99999
0000103033497845780153200015577300003001132764103791491              
061661551481552602107406000037908667275807500280221300               
99999
0000100033497845780153200015577100003001182764102061381              
069204432227550989668026000020608667276107500120224400               
99999
0000100033497845780153200015577100003001182764102061381              
069204432227550989668026000020608667276107500120224400               
99999
0000103033497845780153200015580900003001122764103651431              
073747441119550618255123000036508667276007500300226200               
99999
0000103033497845780153200015580900003001122764103651431              
073747441119550618255123000036508667276007500300226200               
99999
0000103033497845780153200015581600003001262764103421411              
096628335386547349520972000034208669276007000890225100               
99999
0000103033497845780153200015577900003001242764103351491              
129609763193543870394112000033508667275306800740225000               
99999
0000100033497845780153200015578300003001182764102411401              
136926290928542984620832000024108667275506400160224500               
99999
0000100033497845780153200015578300003001182764102411401              
136926290928542984620832000024108667275506400160224500               
99999
0000103033497845780153200015579600003001222764103531461              
158831925684542097733896000035308665275606000760224100               
99999
0000103033497845780153200015579600003001222764103531461              
158831925684542097733896000035308665275606000760224100               
99999
0000100033497845780153200015578500003001192764102061441              
166654223063541530339013000020608664275305900210224800               
99999
0000100033497845780153200015578500003001192764102061441              
166654223063541530339013000020608664275305900210224800               
99999
0000102033497845780153200015577200003001322764102501361              
176149173674539887476715000025008664275605600360221000               
99999
0000103033497845780153200015575800003001072764103061451              
199687396224541747032229000030608664276004700710223200               
99999
0000103033497845780153200015575600003001002764103731401              
245313785457544172223049000037308665276004300430221900               
99999
0000103033497845780153200015571800003000872764103761551              
253522029590544897421834000037608665275804200590222000               
99999
0000103033507845780153200015580200003001052764103001191              
054955575804527526360768000030008695272406600130223100               
99999
0000103033507845780153200015580200003001052764103001191              
054955575804527526360768000030008695272406600130223100               
99999
0000103033507845780153200015579900003001142764103211371              
062635460239525925282389000032108695272206800110223400               
99999
0000103033507845780153200015579900003001142764103211371              
062635460239525925282389000032108695272206800110223400               
99999
0000103033507845780153200015577600003001062764103141351              
070155676616524410713611000031408695272206800120223400               
99999
0000103033507845780153200015577600003001062764103141351              
070155676616524410713611000031408695272206800120223400               
99999
0000103033517845780153200015580300003001172764102351311              
099037406672490329888637000023508769272605100210229400               
99999
0000100033517845780153200015575300003000832764100911341              
106294004618488668841547000009108769273604800080228100               
99999
0000102033517845780153200015575900003000922764102111361              
115411313741485625299498000021108767273704700180221800               
99999
0000102033517845780153200015575900003000922764102111361              
115411313741485625299498000021108767273704700180221800               
99999
0000103033517845780153200015576700003001072764102401351              
123970678269485691019568000024008767273304800160225100               
99999
0000104033517845780153200015578800003001022764101681431              
131360676823486387062686000016808767272704900100224900               
99999
0000103033517845780153200015577400003001112764103141301              
139233903609483216195174000031408767273404700120222100               
99999
0000103033517845780153200015577400003001112764103141301              
139233903609483216195174000031408767273404700120222100               
99999
0000103033517845780153200015578500003001062764103431381              
147877966725481948659335000034308767272204800120221900               
99999
0000103033517845780153200015577600003001052764103511361              
202218190001476418101925000035108770272104900320227000               
99999
0000100033517845780153200015578700003001202764102481371              
208623756065475870342909000024808770272904700120225000               
99999
0000103033517845780153200015575600003001002764103031261              
214900749081475767161180000030308770272904800190226100               
99999
0000103033517845780153200015575600003001002764103031261              
214900749081475767161180000030308770272904800190226100               
99999
0000103033517845780153200015574200003000942764101971441              
223214426360475475342229000019708772272904700070226300               
99999
0000103033517845780153200015574200003000942764101971441              
223214426360475475342229000019708772272904700070226300               
99999
000010303353708024195320-000052600000002112467102011001              
453066279481406154057598000011208067275603300030229985               
461941717909404506504923000026208067275603300080229987               
99999
000010303353708024195320-000048300000002462467103821201              
493789025789399579116049000038208070277302800080249115               
99999
000010303354708024195320-000048500000002152467101831181              
488287286983381288375055000018308022279302400060249909               
