99999
0000103031887845780153200015570000003001312764102171311              
709126789665433195141531000021708767289305000120222100               
99999
0000103031887845780153200015573900003001212764102441421              
717451150940433833356028000024408767289404200480228000               
99999
0000100031887845780153200015574500003001282764102271441              
724664124335434191538026000022708769290203700230223400               
99999
0000100031887845780153200015577100003001132764101811361              
730942831925434797781807000018108770291103200290225300               
99999
0000103031887845780153200015576200003001122764102781451              
757743184056438188777652000027808770291202800190221800               
99999
0000103031897845780153200015578000003001122764103221361              
746875001559420839544583000032208760290604000300223400               
99999
0000103031907845780153200015566700003001362764103351421              
738339245703410591702688000033508750290403300200221300               
99999
0000103031907845780153200015571300003001342764102901321              
746163108863410883742057000029008750290103600200221800               
99999
0000103031907845780153200015574400003001102764103081301              
757179082548411440709986000030808750289103500260222700               
99999
0000103032047845780153200015577500003001152764103041311              
139076011362656278946863000030408765292404600130222600               
