99999
000010301153708024195320-000186400000001782465105304201              
155858420850477076774286000053007974297902600110213903               
99999
000010201153708024195320-000189100000001942465103183201              
162286193530476573173918000028607974297902600060223301               
167563785917476968750196000034807974297902600050221323               
99999
000010301154708024195320-000183500000002062465102672161              
092575628068501997023799000026807956299502500120217209               
99999
000010201154708024195320-000183100000001782465104275201              
104280200274500123451103000042707956299302600090230848               
99999
000010001154708024195320-000183300000002482465104194181              
184206017602498926528697000042007964297403700070211996               
99999
000010201154708024195320-000178000000002532465105015101              
270272923740510531659776000050107964295506000090240074               
99999
000010001161708024195320-000182600000002322465102225041              
366881444534655154888349000022308006292807000080250894               
99999
000010301161708024195320-000184800000001952465105244231              
389185945799655290811198000052508009292407000110221092               
99999
000010201162708024195320-000180400000002582465103675211              
392606868298660066466081000036707996294305700100230099               
99999
000010001178708024195320-000187100000001702465105745231              
104395253193425776572825000057408031294007100070240069               
99999
000010301178708024195320-000183300000002012465102571131              
128167936301431773856276000025808036294007200090219992               
99999
0000103011797845780153200015429400003001342764103491451              
692119405534470211123780000034908745289105600180222200               
99999
0000103011797845780153200015431400003001522764102231291              
705679645997471604865351000022308749288106100100222600               
99999
0000103011797845780153200015432200003001452764102461351              
713147082286472485667599000024608750287706200090222000               
99999
0000103011797845780153200015432700003001522764103841411              
729105618503474627609255000038408755287606300110221500               
99999
000010301180708024195320-000193000000002022465102031961              
096649140232472694720887000020408029294906000160229994               
99999
000010001180708024195320-000188900000002322465101665211              
102639987595472122437660000016708029294906000060218492               
99999
000010301180708024195320-000190300000002022465104751071              
157175835185481373051131000047508031294406400070219978               
99999
000010301181708024195320-000188300000002462465104055201              
144382859743504101626995000040508016296905600060213079               
99999
000010001181708024195320-000183900000002442465104555211              
160477150463505211783038000045608016296505700080231570               
99999
000010301181708024195320-000185000000002032465102041001              
182379782756510003818201000020508021296305800210229970               
99999
000010001181708024195320-000186000000002242465105855171              
195127971929511378527679000058508019295306200080240000               
99999
0000103011817845780153200015435300003001482764103601321              
757793765242530636566007000036008785292902500230221100               
