99999
0000103000697845780153200016513600003001512764103691001
630362585996473580528341000036908786287602400240222800
99999
0000103000697845780153200016515600003001642764103891481              
636586053786474415934600000038908786287302500210223900               
99999
0000103000697845780153200016515300003001602764103221281              
643890528339475446946719000032208787287002500220228000               
99999
0000100000697845780153200016514100003001662764104231301              
651022472272477210292716000042308787287202400120223600               
99999
0000103000697845780153200016515700003001632764103901401              
655713800373477223394960000039008787287002400190225900               
99999
0000103000697845780153200016513600003001712764104401321              
664440371499478612647490000044008787287102400300228800               
99999
000010300070708024195320-000167600000001022463106322041              
063297663548468722249172000063307986288101100050249905               
99999
0000103000707845780153200016516300003001692764102591391              
659385595254456166585175000025908760284703000230229900               
99999
0000103000707845780153200016514500003001582764103871391              
683496781449459617708100000038708762283703600130224300               
99999
0000103000707845780153200016514600003001672764103591391              
692950981809461115674735000035908762284103200190225600               
99999
0000103000707845780153200016515900003001682764103401341              
713927119311464679169262000034008763283702800140224400               
99999
0000103000707845780153200016515500003001682764102511311              
721549035326466042957668000025108763283902700160229900               
99999
000010300071708024195320-000171600000000982463102201061              
079185428659450579025430000022108006286301100070239978               
99999
0000103000717845780153200016517200003001692764102201281              
666795649468439594358962000022008731284102700210229900               
99999
0000103000717845780153200016516800003001662764102961431              
672771373082440239257685000029608730284002700250228100               
99999
0000103000717845780153200016516900003001652764103261371              
692303419902442632377541000032608728283402800180226400               
99999
000010300072708024195320-000183800000000832463102511101              
070121095534432596334081000025208031283502900130239962               
99999
000010000072708024195320-000185800000000582463103644191              
083882943066434758453172000036408034283303000100236675               
99999
000010300072708024195320-000182500000000792463102341121              
120212015990440048979245000023408026281803500040229966               
99999
0000103000727845780153200016517400003001622764102631311              
649935823954425692516750000026308762281003600370229900               
99999
0000103000727845780153200016516300003001702764102801271              
656716380173425996320659000028008763280303500610229900               
99999
0000100000727845780153200016518900003001602764103191341              
664683077424426781327506000031908765280203500320224400               
99999
0000103000727845780153200016518300003001772764102821381              
673262473375427003238467000028208765280403700490229900               
99999
0000103000727845780153200016519200003001642764103101261              
692183093026428598292907000031008767280404300380229900               
99999
0000103000727845780153200016518700003001712764103071341              
708474513579430327259400000030708767279705100250227600               
99999
0000100000727845780153200016519500003001742764101961391              
715842652075431564620850000019608767279705100280225000               
99999
0000103000727845780153200016518600003001672764103251381              
723873791072432240078182000032508768279505300200224700               
99999
0000103000727845780153200016517100003001692764103001271              
758967228354437472705226000030008772280104600290229900               
99999
0000103000727845780153200016517900003001632764102851411              
778746436084440855258166000028508772279404800210228200               
99999
0000103000727845780153200016514800003001662764102881431              
792711141426443384026143000028808773279904700210229900               
99999
0000103000727845780153200016515700003001662764103181371              
806239025985445917114417000031808773280004600190227300               
99999
000010300072708024195320-000185400000001492463105014121              
859343014375420878707893000050107986294301100100231280               
99999
000010300073708024195320-000184600000001772463101631161              
051959257165419985519470000016307991289001900050259912               
99999
0000103000737845780153200016516100003001542764102541291              
683210084889418952855552000025408783278605600130222900               
99999
0000103000737845780153200016516800003001602764103961401              
694141913094419489472182000039608783278605600180223000               
99999
0000103000747845780153200016517500003001712764103281361              
734480031178417205191244000032808766278007600640224900               
99999
0000103000747845780153200016517100003001722764104061001
742293086360417775504432000040608766278007600300221900
99999
0000103000747845780153200016516900003001642764102361391              
749794242847418398639314000023608765278007400970228900               
99999
0000100000747845780153200016517400003001682764103161351              
757322163923419055669158000031608762278706600520222600               
99999
0000100000747845780153200016517400003001582764102861401              
765032383159419845366692000028608761279306100420221700               
99999
0000103000747845780153200016517200003001652764102301281              
773087911948420785255687000023008760279206000690227200               
99999
0000102000747845780153200016516400003001572764103091361              
780534464107421266014430000030908758279405800210223600               
99999
0000103000747845780153200016517500003001582764102421361              
788337906180422694034585000024208757279905500360223900               
99999
0000100000747845780153200016517000003001612764102781311              
796470879960423780834007000027808757279905300530222900               
99999
0000103000747845780153200016517500003001642764102661391              
805851325415425191075034000026608756280005100420223300               
99999
0000102000747845780153200016518400003001622764102381351              
813437292749425940751565000023808753279405200220224600               
99999
0000103000747845780153200016517400003001672764102761421              
835020127154429971505834000027608750279904700430223100               
99999
0000103000747845780153200016518100003001732764102401281              
846949307134432111704692000024008747279804500510223700               
99999
000010300075708024195320-000187300000002222463102911111              
137390741271414142549656000018907964285504700370239904               
144260941210414632571781000036607969285504700360239992               
99999
000010300075708024195320-000186000000002052463103412051              
196072300999420674954867000042307966284804900130224001               
204200329871421967307884000023307966284804900300229993               
99999
000010000075708024195320-000184000000002512463104714071              
224643514583425469312669000045107966284005300070220883               
234856730929427445421442000049107964284005300070231076               
99999
000010300075708024195320-000181500000001972463103585261              
267180763179434414375790000045207956283905400030230085               
276913937648436629154944000023107956284004900090230905               
99999
0000103000757845780153200016514600003001602764102431291              
704384732929417564080254000024308727278706001260224100               
99999
0000103000757845780153200016513100003001552764102971361              
714847513209417444504031000029708727278606001230223000               
99999
0000102000757845780153200016514300003001632764102941341              
719752934031416956042672000029408727278606000570222100               
99999
0000103000757845780153200016513500003001562764102741361              
727975864557417517282111000027408728278606001340223900               
99999
0000100000757845780153200016514000003001652764102731281              
733676091928417356841084000027308728278805800820222100               
99999
0000103000757845780153200016514800003001732764102791441              
740463036518417816619814000027908730278905701440224200               
99999
0000102000757845780153200016514500003001562764103291371              
746962718426417565124064000032908731278805700440221800               
99999
0000103000757845780153200016514700003001592764102761441              
752691101938418325492717000027608732278805701220223400               
99999
0000100000757845780153200016515000003001552764103441271              
759120525138418413811313000034408732278705700600220900               
99999
0000103000757845780153200016514600003001652764102611341              
766194964437419131533138000026108732278705801010222500               
99999
0000102000757845780153200016514400003001712764103441301              
771670270032419027371719000034408735278705900350221100               
99999
0000103000757845780153200016513200003001612764102911281              
778694036957420100315104000029108737278905900980221900               
99999
0000100000757845780153200016513900003001542764103551351              
786228076581420526747753000035508737278805800650221300               
99999
0000103000757845780153200016515500003001602764102891391              
793109124217421474067937000028908738278105800960222500               
99999
0000102000757845780153200016514300003001612764102501241              
800649133896421788632830000025008740278206000570222200               
99999
0000103000757845780153200016515400003001662764103661401              
807538512696423111413450000036608740278106000620221400               
99999
0000100000757845780153200016514400003001562764103451321              
814175300553423695746072000034508742278406000490220800               
99999
0000103000757845780153200016514200003001612764102831301              
820554579993424800127453000028308742278505900820222700               
99999
0000102000757845780153200016513900003001602764102921341              
827565972573425274280883000029208742278705900480221700               
99999
0000103000757845780153200016515700003001652764103841421              
834097777576426755299143000038408743278005900540221000               
99999
0000103000757845780153200016515000003001672764103041291              
848630753493429058736707000030408746277506100660221600               
99999
0000103000757845780153200016514300003001652764103551351              
862548443269431442951461000035508747278406100630221500               
99999
000010300076708024195320-000184300000002402463102692151              
080814385444418190915163000026907939289001400260239492               
99999
000010300076708024195320-000185300000002432463103614141              
148965967205416418034961000047107944287901100160223693               
154541714732416624228791000019907946287901100230229996               
99999
000010300076708024195320-000183200000002472463102433131              
248261983782427530060831000022407944287801300060243075               
263712038812430493471380000026207946287801300100252266               
99999
0000103000767845780153200016511800003001632764103041301              
781994709291425691636072000030408747281802001290222200               
99999
0000100000767845780153200016511000003001592764104051261              
789536145722425631581091000040508747282102000640220900               
99999
0000103000767845780153200016511000003001542764102711251              
797075652717426610686913000027108747282302000780221100               
99999
0000102000767845780153200016511700003001632764103401281              
803914555658426534870169000034008747282602000570221200               
99999
0000103000767845780153200016512900003001662764103241371              
810199086540427670871860000032408747282302000810221300               
99999
0000100000767845780153200016512800003001532764103831341              
817218444149427862294241000038308747281502200800221100               
99999
0000103000767845780153200016513500003001632764103641351              
823603689585428995664569000036408747281402300860221100               
99999
0000103000767845780153200016513500003001612764103211261              
836529981173430495092994000032108747280902700860221100               
99999
0000103000767845780153200016511700003001612764103341301              
843475260707431386844363000033408747281602601090221800               
99999
0000103000767845780153200016513000003001622764103451281              
857356097613433340049040000034508747281502700620220700               
99999
0000103000777845780153200016515700003001652764102581441              
733134682511439727858742000025808711281302501290225400               
99999
0000103000777845780153200016512400003001672764102781421              
748083141492438956181740000027808712281602600930223700               
99999
0000103000777845780153200016512800003001532764103161341              
763378646267438497340484000031608712281902501050223900               
99999
0000100000777845780153200016512300003001662764103231281              
772821272629437693172337000032308713282002500340221100               
99999
0000103000777845780153200016512800003001612764102571371              
780404826754438390981800000025708713281902400960223800               
99999
0000102000777845780153200016512700003001652764102871421              
788649754870437817356438000028708713282302300840223600               
99999
0000103000777845780153200016512000003001662764102821321              
797375812313438715250713000028208713282302201400226700               
99999
0000100000777845780153200016512100003001562764103091291              
802911872666438230405297000030908713283002000280221000               
99999
0000103000777845780153200016512600003001582764102341361              
811535463452439315001400000023408713283102001560226500               
99999
0000102000777845780153200016513200003001732764102611291              
819590032240439104303667000026108713283202001230225300               
99999
0000103000777845780153200016512100003001602764101981331              
829928429150440535640675000019808712284202001970229900               
99999
0000103000777845780153200016512700003001592764102301341              
854361601009442903973669000023008712283302001160225300               
99999
0000102000777845780153200016512200003001612764103131231              
862918132171443233729682000031308712283202000700222800               
99999
0000100000787845780153200016513100003001632764103111221              
004801155716444017729299000031108713283002000430221700               
99999
0000103000787845780153200016512800003001692764102771481              
013346916705445862826235000027708713282902000800223400               
99999
0000103000827845780153200016511900003001512764103291321              
819246654315586710681875000032908758278203000300221700               
99999
0000103000847845780153200016511700003001632764103281341              
857949611012646686309780000032808725276606300220221700               
99999
0000103000857845780153200016509700003001512764101811361              
014488460593643979687391000018108725276506700140224100               
99999
0000103000857845780153200016511000003001522764103421001
021663364772643133310447000034208725276306800240222000
99999
0000103000857845780153200016509700003001522764103361391              
029535476925642268961974000033608725276206900400223300               
99999
0000103000857845780153200016510000003001632764102321211              
043598204012640902375021000023208725276107100700227600               
99999
0000100000857845780153200016512200003001572764103361301              
050431963599639400199644000033608725275706800140222400               
99999
0000103000857845780153200016511000003001582764102311251              
058176041200639741484889000023108725275407100870229900               
99999
0000103000857845780153200016510900003001542764102111271              
071280748694638933582570000021108722275207201200229900               
99999
0000103000857845780153200016512100003001522764102341241              
088809774017638219356451000023408720275807401230229900               
99999
0000100000857845780153200016511400003001602764102081231              
095684420852637158103321000020808720275907500330227100               
99999
0000103000857845780153200016511900003001682764102851441              
103436154918637956039875000028508718276107500520224100               
99999
0000103000857845780153200016513300003001782764102321331              
114994680803637967006758000023208718275607400710225200               
99999
0000100000857845780153200016513300003001592764102901331              
124274965791637234003892000029008717275607300370226100               
99999
0000103000857845780153200016511400003001612764102151251              
132325314881638349904662000021508717275607001210228600               
99999
0000102000857845780153200016511900003001592764102821401              
139779910193637727460568000028208717275406900430221700               
99999
0000103000857845780153200016511800003001622764102171321              
147969786306639073175067000021708717276106801200229900               
99999
0000103000857845780153200016511500003001682764101821361              
161005661401639946439158000018208717275406902230229900               
99999
0000100000857845780153200016510000003001642764102321191              
168469068386639695421867000023208717275807000530229900               
99999
0000103000857845780153200016511500003001612764101861331              
175832541322641232060924000018608717275906502330229900               
99999
0000102000857845780153200016512700003001582764103131331              
183321673357641061476690000031308717275406600490222700               
99999
0000103000857845780153200016510500003001532764101941321              
190130307241642756982853000019408717275707101440229900               
99999
0000100000857845780153200016510900003001512764101911281              
194619571264642444353409000019108717276007100180226700               
99999
0000103000867845780153200016510200003001552764102631291              
067621937249660724708271000026308712275806700180224200               
99999
0000103000867845780153200016512000003001532764103081271              
074481538895660060934588000030808710275406900210223700               
99999
0000103000867845780153200016510800003001582764102701361              
083443796435659280348787000027008710275007100280224000               
99999
0000100000867845780153200016510900003001462764101381341              
090867259772657956236353000013808707275406900100229400               
99999
0000103000867845780153200016511800003001562764103091381              
098033660263658228527915000030908703275706800230223400               
99999
0000103000867845780153200016512700003001552764101451351              
110771885586657541274079000014508701276006600350229900               
99999
0000103000867845780153200016511900003001582764102741421              
125125677102657034596368000027408698275306600440226100               
99999
0000100000867845780153200016511400003001552764101901281              
133694921956656140846938000019008697275106700150229500               
99999
0000103000867845780153200016513600003001682764102851441              
171943581656657423310977000028508693275606800110224100               
99999
0000103000877845780153200016513000003001552764102551321              
080800261392673353486298000025508603273306200270226700               
