99999
0000103110717080241953200000092100000001942467400521122              
138806135416577620154886000005208000289601900030219979               
99999
0000103110717080241953200000085800000001482467400591272              
149536929030579299688556000005908000289402000040252090               
99999
0000103110737080241953200000081300000001672467403394252              
078177314733489735544477000040408014287002100080220172               
084659579697489543734230000025908014286802100060220093               
99999
0000102110737080241953200000072600000001382467405414202              
109246089536488317355233000054108018286502100060230067               
99999
0000103110737080241953200000078400000001582467404314252              
160145773664492302157503000043108024286101900110260050               
99999
0000103110747080241953200000040200000001202467404854112              
249180193858456705507337000048508012284304600070230077               
99999
0000103110827845780153200007649100003000482764103321371              
115137007128417524981090000033208851277103500450221700               
99999
0000103110827845780153200007649100003000482764103321371              
115137007128417524981090000033208851277103500450221700               
99999
0000103110827845780153200007650000003000432764103261261              
124350428128418280913411000032608850276903500360220900               
99999
0000103110827845780153200007650000003000432764103261261              
124350428128418280913411000032608850276903500360220900               
99999
0000103110827845780153200007650500003000462764102871401              
130892778189418889317691000028708850276603600370221000               
99999
0000103110837941770153200010833600000002082301203843201              
151432040000458704299700000038409715278206800250231058               
99999
0000103110837941770153200010833600000002682301203084231              
157589040000459449447866000030809716278206700120211587               
