99999
0000103000137845780153200016425400003001942764103991391              
731186731431513503242764000039908732271005500260223000               
99999
000010300014708024195320-000174700000002202463104725071              
066240862323490806689182000047308099279804500050260394               
99999
0000103000157845780153200016429900003002242764103901351              
751151309259436075570206000039008768274406300740221500               
99999
0000103000157845780153200016433300003002272764103621261              
786226059480439589305776000036208768274006500690221500               
99999
000010300016708024195320-000183700000002212463104504051              
092720194428418797965310000045008054285905200120252178               
99999
0000103000167845780153200016434900003002202764103701261              
675603949065401794237403000037008767273607501770224300               
99999
0000102000167845780153200016437200003002252764103611261              
682303422887401054753125000036108768273607500820222100               
99999
0000103000167845780153200016436700003002372764103731371              
689310404788400965319726000037308768273507501840224400               
99999
0000103000167845780153200016434800003002432764103911331              
700749054263400487573611000039108768273507501330222500               
99999
0000102000167845780153200016436300003002152764103631271              
707460778061399987377304000036308768273507500540221200               
99999
0000102000167845780153200016432200003002092764103471271              
721556093546399801585934000034708768273507600650221500               
99999
0000103000167845780153200016434600003002132764103601241              
727865335845400133000508000036008771273107600780221200               
99999
0000103000167845780153200016439400003002242764103961381              
743038612687400404817970000039608772273307601000221700               
99999
0000102000167845780153200016441100003002592764103601261              
750650878678400336372422000036008773273307600690221800               
99999
0000103000167845780153200016441200003002732764104251261              
756821450114400934819542000042508776273607600600221100               
99999
0000103000167845780153200016433500003002772764104241331              
798816229576404093786328000042408777273207500510220900               
99999
000010300017708024195320-000179700000002022463105195171              
264682244945401210068163000052008054286803900060240161               
99999
0000103000177845780153200016430600003002062764103531251              
664134376673378131775393000035308727283002001490222400               
99999
0000103000177845780153200016429800003002022764103811321              
678843903713376439438379000038108728283402001210221200               
99999
0000102000177845780153200016431100003002072764103491261              
688024202007375260958718000034908731283602001090221500               
99999
0000102000177845780153200016429600003002002764104251261              
694181061723374714624581000042508732283402000600220500               
99999
0000103000177845780153200016430300003002192764103801261              
707312718408374007707792000038008731284002000880220800               
99999
0000100000177845780153200016430800003002132764103891311              
718844458716373852524174000038908731283502000780220700               
99999
0000103000177845780153200016425900003002292764103791451              
757364184267372566586039000037908731281502000680220500               
99999
0000100000177845780153200016427300003001882764104371371              
769972425406373281645454000043708731281702000570220600               
99999
0000103000177845780153200016427700003002122764103781361              
787617123264373447813039000037808730283202000630220800               
99999
0000103000177845780153200016428000003002052764103971331              
804547479162374487836776000039708728283402000620220900               
99999
000010300018708024195320-000175900000002292463105025171              
263354172576371216428698000050308041287802700080250078               
99999
0000103000217845780153200016432800003002192764103461301              
122318356316369566228301000034608722274002400170221200               
99999
0000103000217845780153200016432100003002052764102361001
130141162684371049425836000023608722274602200430227900
99999
0000103000217845780153200016431100003002152764102451161              
135849553905372160485563000024508722275002000330226700               
99999
0000103000217845780153200016432200003002202764102971211              
144143459151373814326678000029708722275702000450226700               
99999
0000103000217845780153200016431400003002042764101811161              
151717786843375361740621000018108722275502000290229900               
99999
0000103000217845780153200016432600003001922764102471281              
166009020286378363311816000024708722274702000310224600               
99999
0000103000217845780153200016431500003002012764102151121              
172350276576379723670967000021508722274802000270226500               
99999
0000103000217845780153200016434100003002202764102961211              
184199284529382301365890000029608723275702000370225500               
99999
0000103000217845780153200016436800003002412764101871321              
197892435914385320209437000018708722276302000120228000               
99999
0000103000237845780153200016429000003002212764104121171              
814696706436452072542560000041208631271304000750220800               
99999
0000103000237845780153200016429400003002162764103001211              
820702409219451328531520000030008631270703700970221700               
99999
0000100000237845780153200016430300003002192764103611191              
827862046927449431577472000036108632271103500580221000               
99999
0000103000237845780153200016429100003002182764103461301              
834237161896449776334840000034608632271403301220222300               
99999
0000103000237845780153200016430100003002202764103391171              
851773339894448049020724000033908632271503001580223000               
99999
0000100000237845780153200016433500003002372764103551271              
859417465773446356285400000035508632271003000500220700               
99999
0000103000247845780153200016432600003002222764103661271              
002220535930446892618465000036608633271502800980221200               
99999
0000103000247845780153200016431800003002252764103621271              
016958775140445983118511000036208632271002901140221800               
99999
0000103000247845780153200016431900003002242764103191291              
028690589105445466192988000031908632270203001780223300               
99999
0000100000247845780153200016435900003002262764103711301              
035194381111444221143657000037108632269903000500221200               
99999
0000103000247845780153200016436200003002382764103431291              
042315470677445107158708000034308632270502801180222200               
99999
0000103000247845780153200016430300003002092764103061211              
116977582498448036746993000030608632269802001640223200               
99999
0000100000247845780153200016430200003002252764103551191              
123346612076447660518479000035508632269802000690221900               
99999
0000103000247845780153200016431100003002292764103071231              
129998678323449405918524000030708632269902003880227600               
99999
0000103000247845780153200016433200003002142764103051181              
144263298388451187212408000030508632270702002820226900               
99999
0000103000247845780153200016433200003001982764102731331              
157818996826453142694894000027308632270902004390228700               
99999
0000100000247845780153200016433400003002202764103351171              
173986855410454791707696000033508632271202000430221700               
99999
0000103000247845780153200016432300003002052764102751241              
180103684373456880664559000027508632271602003020226300               
99999
000010300025708024195320-000173600000001672463104444151              
306592860102500782814141000036107989285303600150222469               
313494255237500165297857000051407991285303600100224378               
99999
0000103000277845780153200016428000003002132764103171251              
059229041931581369214544000031708822272902300450221000               
99999
0000103000277845780153200016429300003002242764103051281              
073949922284579882527203000030508822272402000930222600               
99999
0000103000277845780153200016432100003002112764102971261              
086883107198578787220705000029708822272302001250224000               
99999
0000103000277845780153200016431200003002082764103561281              
099475077189577924623108000035608822272302001150223200               
99999
0000103000277845780153200016429500003002032764103291331              
112932106044577238226610000032908822272802001180223800               
99999
0000100000277845780153200016432600003002132764103451241              
121239810452575671923239000034508822272302000360223600               
99999
0000103000277845780153200016434800003002272764103491401              
128600500947576760940123000034908822271902001090223600               
99999
0000103000277845780153200016426600003002012764103181271              
176235993456577560174268000031808823271502001810226000               
99999
0000100000277845780153200016429800003002162764102401291              
183175139429576726156910000024008823272002000440229900               
99999
0000103000277845780153200016429800003002222764103121291              
190123973958578446622127000031208822272102002230227600               
99999
0000104000277845780153200016432400003002242764103251261              
197391689325579897025610000032508822272102000180223400               
99999
0000103000277845780153200016432700003002212764103111201              
203679177470579594662337000031108822272002002640228200               
99999
0000102000277845780153200016433400003002282764103361311              
209363785132579372597523000033608822271802000530221400               
99999
0000103000277845780153200016434300003002302764103151221              
215836318733580857672856000031508822271902002460229900               
99999
0000100000277845780153200016435000003002282764102521241              
223557400188580550302629000025208823271902000620229900               
99999
0000103000277845780153200016433400003002342764103001201              
230603114566582680250635000030008825271802001960227400               
99999
0000103000277845780153200016435600003002272764103241321              
243013267589584447561983000032408825271202001830226500               
99999
0000103000277845780153200016429400003002102764103301221              
255989181234586514418652000033008827271802000760221400               
99999
0000103000277845780153200016435600003002642764103541001
261964586560587538028457000035408827271902001110221900
99999
0000103000277845780153200016430200003002762764103811301              
268225483938588657057622000038108827271802001030221200               
99999
0000103000277845780153200016434200003002562764104281341              
274877847877589896333162000042808827272502001020221000               
99999
0000103000277845780153200016430400003002642764103971361              
282011650269591280450986000039708828272802001480221300               
99999
0000103000287845780153200016430700003002012764103661271              
084810531257618752699022000036608782273004200340221900               
99999
0000103000287845780153200016432500003002092764103551001
100712592199617041487586000035508780273303700270221700
99999
0000103000287845780153200016431500003001922764103361321              
109922407290616184349775000033608777273003800330222000               
99999
0000103000287845780153200016435300003001972764103441381              
121362588253615266100296000034408775273603000710225000               
99999
0000103000287845780153200016428300003001942764103111311              
134874062661614401987057000031108773274002600560224100               
99999
0000103000287845780153200016428000003002022764102711231              
146092344083613874524844000027108771273902400660225300               
99999
0000103000287845780153200016428000003002012764103391271              
154592309446613593719093000033908767273902400400223000               
99999
0000103000287845780153200016431800003001972764103181401              
164692778686613396607719000031808767274002400250221600               
99999
0000103000287845780153200016431600003002082764103711301              
172997939628613347619268000037108766274402300210221300               
99999
0000103000287845780153200016429500003002102764103111231              
203031181879614038790940000031108761274702000470224300               
99999
0000103000287845780153200016429400003002122764102281311              
211824730720614500396215000022808761275802000830227100               
99999
0000100000287845780153200016428900003001962764103961491              
218083548487613709551703000039608762275402000160222300               
99999
0000103000287845780153200016428900003001882764102701441              
225627201620615460249170000027008762275802000450225100               
99999
0000103000287845780153200016430600003001942764102801321              
234983613873616272369677000028008761275802000450224300               
99999
0000103000287845780153200016431500003001962764102611331              
243686825987617142786214000026108761275702000610225400               
99999
0000103000287845780153200016431400003002112764103081001
252038434754618080174200000030808758276102000300221700
99999
0000103000287845780153200016431100003002012764103691251              
259219070476618964338511000036908758276602000540221500               
99999
000010300028708024195320-000173600000001822463102601081              
358562753921623586144811000005607976280403300030239991               
373220167112621535388529000036407971280403300060249676               
99999
000010300028708024195320-000170700000002252463102881141              
473615076307616513454893000024507981280303400080239991               
484747059751617040895209000032607979280303400050229902               
99999
0000103000297845780153200016429200003002012764104021221              
135823414682645912748023000040208731276402000280224400               
99999
0000103000297845780153200016431000003002012764102851221              
150731285337644623477976000028508728276402000210223500               
99999
0000103000297845780153200016428400003001952764102841431              
169371796724643419957525000028408730275902200200222900               
99999
0000103000297845780153200016428900003001992764102671531              
206520268708642480425600000026708730275502200110222000               
99999
0000103000297845780153200016426600003001832764102931401              
212239445047642515688238000029308728275902100190224300               
99999
0000103000297845780153200016426600003002052764103981001
220687878407642657241163000039808728275402200200222500
99999
0000103000297845780153200016431900003002282764103951421              
229037377476642902199185000039508728275502100190221900               
99999
0000103000307845780153200016425900003001932764103351321              
199570427464664009850412000033508712280502700110221300               
99999
0000103000307845780153200016427600003002062764103661301              
218327054613663204465369000036608712280402700160221800               
99999
0000103000307845780153200016431900003002012764102941231              
227097925817663000150128000029408712280502700180223100               
99999
0000103000307845780153200016433000003002032764103161131              
241707651521662908661103000031608716280802600260222400               
