99999
000010307007708024195320-000046100000002982465103494271              
239586070142614821911436000034707983273106900060221477               
254706740993612420868491000035207980273106900050240787               
99999
000010307009708024195320-000043400000002492465104394251              
467724184114647461597849000043908077275904500090222004               
99999
000010307010708024195320-000041300000002952465103104031              
489301753368655056294707000031008011278405400090249990               
99999
000010307028708024195320-000039800000002202465102622161              
039657984121466075356747000034907996275807300060222915               
046810674675465641834214000012607996275807300040225188               
99999
000010307028708024195320-000050100000002322465106074101              
264125541641489180395227000025308006274307300070223366               
272546489219491179818428000082108006274307300040222789               
99999
000010307030708024195320-000044400000002472465103344121              
083154457867509879093962000030707976278304300080221509               
090106639300509217627739000036107976278304300050221071               
99999
000010307030708024195320-000041300000001722465104244051              
215778590100509853712372000044507986278103900080221790               
221982108083510523021136000040307986278103900070222760               
99999
000010307030708024195320-000041500000002642465102725111              
325396464675528912974896000037307984276605700060221520               
333129234062530706796220000009507984276605700030230068               
