99999
000010301064708024195320-000187400000001812463104114121              
076140934548401812763594000041208039280507700140232372               
99999
000010201064708024195320-000186600000001892463107035251              
091196678556399861731333000085608041280307800030220692               
101463132425399406985301000050708041280307800070241460               
99999
000010001064708024195320-000188700000001772463106114201              
119084492989400173770105000061108044279607900140240175               
99999
000010301066708024195320-000185900000001352463103774271              
094001191991362855208448000037808006284507500160232783               
99999
000010201066708024195320-000188900000001832463104395321              
120150324470358402384112000043908009284307800120240044               
99999
0000103010747845780153200015441500003001622764102791371              
127010115714567771536009000027908687277603500220222500               
99999
0000103010747845780153200015443300003001422764102981361              
134177797890567856387974000029808687278603100150221100               
99999
0000103010747845780153200015444100003001522764102211221              
176521879144569872533310000022108689278702800150222700               
99999
0000103010747845780153200015443600003001452764103111281              
210373167921573323943477000031108689280202400180221300               
99999
0000103010757845780153200015436100003001302764103251251              
144811754848606229836152000032508705276307300120222300               
99999
0000103010757845780153200015435600003001252764102021271              
151700536672606149541176000020208707276107100100222200               
99999
000010301075708024195320-000192600000002042463102492151              
431692884313608371280429000011407956274807000040233580               
440147168907608338201986000033307956274807000050229996               
99999
0000103010887845780153200015439800003001432764103391481              
676939647793506061640663000033908570275805600120223700               
99999
000010001090708024195320-000189300000001632463106735201              
065988227768466246366200000067407946288905300070232106               
99999
000010301090708024195320-000174700000001892463101961251              
110812927185471461430717000019707946288305400070269996               
99999
0000103010907845780153200015442600003001442764102781361              
684991223752451285816516000027808757280403800190227600               
99999
0000103010907845780153200015443400003001402764102681301              
691281478777451756874799000026808757280103900260229900               
99999
0000103010907845780153200015444000003001482764102641311              
699850726398452474667238000026408757280004000370229900               
99999
0000100010907845780153200015444500003001422764102151231              
704992014025453175602251000021508759280103900120222800               
99999
0000103010907845780153200015444200003001552764103181311              
713471681275453788092983000031808760279904100210225300               
99999
0000103010907845780153200015442300003001402764102731241              
730111893513455659630598000027308762279104500260228600               
99999
0000103010907845780153200015442400003001432764102751301              
735611600196456337786776000027508762279604300350229900               
99999
0000103010907845780153200015441600003001382764102491361              
770612602997461244371105000024908764279604300210227500               
99999
0000103010907845780153200015439700003001432764103381391              
777766832933462353120546000033808764279704200200224400               
