99999
000010003276708024195320-000065800000002162467108124231              
034680453124467818411642000081307998291004300070220875               
99999
000010303277708024195320-000068400000002042467103164221              
076577579412494724092997000031707988289905700060240122               
99999
000010303279708024195320-000074400000001482467105065301              
122810950500543668087384000053608004289906400060220372               
129364799367543685415637000047608004289906400060220404               
99999
000010303279708024195320-000956300000001762467103944431              
161687075411544860836256000039508008290106300060260779               
99999
000010303287708024195320-000078500000001072467106005241              
275122190394658364361201000060008020289406200070240151               
99999
000010303288708024195320-000063800000002182467105234281              
408889382016648667195216000042908019286506100050240191               
420077278655649251904697000060308019286506100060221687               
99999
0000103032897845780153200015585700003001172764103831541              
052376110710646883642309000038308759278602000230221900               
99999
0000103032897845780153200015583300003001192764102531461              
068520721698645123508323000025308755278902000130222800               
99999
0000103032897845780153200015584000003001112764103731391              
075215171189644487517074000037308755278902000310222300               
99999
0000103032897845780153200015586300003001192764103461521              
109759436583642129607651000034608752278702000240221800               
99999
0000103032897845780153200015586700003001172764103691591              
168357104776641821357752000036908750278402000180221600               
99999
000010303290708024195320-000060100000002592467104515171              
301834061415630654159157000045108047289103800040232665               
99999
000010303290708024195320-000046500000002922467104615231              
365015230191619252636711000046208048287803800060231671               
