99999
0000103021827845780153200015564600003001192764103511381              
129412438655654699115032000035108740285206000280222100               
99999
0000103021827845780153200015559400003001322764103301321
152628993071654000776762000033008742284705800310221600 
99999
0000103021827845780153200015562800003001252764103501341              
159282818623653950972868000035008744284205800360220900               
99999
000010302183708024195320-000171500000002042465103541101              
411718949195652101877935000035407989294806800170249927               
99999
0000103021847845780153200015558400003001312764103831401              
104023837135660397158453000038308702288402200120222900               
99999
0000103021847845780153200015558800003001362764103981551              
116988153179658349385361000039808700289102000160224000               
99999
0000103021847845780153200015560100003001262764103071301              
123964700503657328671490000030708700289202000110222300               
99999
000010302184708024195320-000147600000002512465100125121              
387960097093651348703941000001307979294808000030229702               
99999
0000103021857845780153200015559600003001312764102131361              
097451675079652363191260000021308682285703500070225200               
99999
0000103021857845780153200015556900003001302764103261401              
125713937523646983706949000032608677285603400090222200               
99999
0000103021857845780153200015559600003001332764103941481              
142254726507644215683669000039408679285603400160221300               
99999
000010302199708024195320-000161900000001962465108175381              
076232960600440388252921000081808004293308100050210355               
99999
000010302199708024195320-000158900000002152465102611251              
118324767057444182901556000026208011293308000630249978               
99999
000010302199708024195320-000170500000002682465103265291              
172232684131453156118775000032608011291909500060213162               
99999
0000103022127845780153200015556300003001392764102981421              
086507992795656438350919000029808687288106100160223200               
99999
0000103022127845780153200015558100003001302764102821261
101503162073654693489421000028208685288106200240223700 
99999
0000103022127845780153200015559300003001362764102591391              
106570736788654173638267000025908685288106300250224800               
99999
0000103022127845780153200015557300003001322764102851321              
115152160250653376403924000028508685288206300190223300               
99999
0000103022127845780153200015559900003001292764103831451              
135864689786651895811686000038308682288106100260223000               
99999
0000103022127845780153200015560000003001262764102901221              
147108550453651361950783000029008682288405300270224600               
