99999
0000100090627080241953200000054600000001452465401252151              
042123648545448175606182000012508020290801400070239968               
99999
0000103090627080241953200000051700000001172465401701141              
062132159193450340930396000017108020289101500050239961               
99999
0000103090657080241953200000055100000001422465402492211              
205101062426411101122889000019608023287802300070234648               
214073383796412505412366000029408023287802300040222161               
99999
0000103090747080241953200000075900000001992465405204371              
355105038254591499477828000041407946279105100030220081               
370291864574591828148765000060907946279105100090220403               
99999
0000103090757080241953200000068000000001552465405174291              
373279298680622127614738000051808013280502900190252286               
99999
0000100090757080241953200000071100000001662465405342201              
385022104683622097936500000053408013280302900070236865               
99999
0000103090757080241953200000069900000002142465405324321              
411943227351622692526464000053208016280502900120231258               
99999
0000103090767080241953200000061700000001612465405144241              
397425451275645584885933000051408026285302400160240489               
99999
0000100090767080241953200000064000000002192465403341181              
419933639383645256676379000033508029285302400040279912               
99999
0000103090767080241953200000058600000001762465404624371              
467898596712647036905724000056308029285302200090220295               
477055780810647807735835000033408029285302200120223783               
99999
0000103090777080241953200000060500000001672465403361271              
414188661909660637941312000033708011286102100170239979               
99999
0000103090777080241953200000066800000002552465402431311              
448784133025659215482125000024308011285502000100219962               
