99999
0000103073507080241953200000067400000002212465501721151
069605019646509569366374000017208010273103400051249984 
99999
000010307352708024195320-000937200000002692465405194401              
008167868392442914488469000058807990282902200130220101               
015916816263442123689388000044107990282902200040220982               
99999
000010307354708024195320-000940300000002482465404804311              
050477710153386736185064000048107981280803100180230879               
99999
000010307363708024195320-000902700000002172465404764341              
493912598630570372432511000057707957276402800061230087               
501293966709571744436493000034707957276402800081230504               
99999
000010307363708024195320-000902500000002182465104915281              
496189015176570786586140000049207957276402800110230396               
99999
0000103073657080241953200000069600000001712465501522281
401405676896630051193746000015207971279303400051275687 
99999
0000103073657080241953200000090900000002082465502681331
462671931559628168552152000026807984278303500251239912 
99999
0000100073657080241953200000090200000001952465501641231
474553830379628455158353000016507987278303500051259915 
99999
0000103073657080241953200000093400000001902465503421241
489274144983629459527201000034307987277603700191239922 
