99999
0000103120327080241953200000077400000001392467402932232              
086560492464638324283975000035708005283103400040220071               
098067323456638960489536000021108005283003400100221366               
99999
0000103120327845780153200007643100003000632764102631271              
684358426130629721229894000026308628266406500200223000               
99999
0000103120327845780153200007642500003000662764102531321              
696533806700629837027334000025308628266606200560227000               
99999
0000103120327845780153200007640700003000672764102001251              
714013549883630365350260000020008628266806100510225600               
99999
0000103120327845780153200007643900003000982764102411391              
754784222528633168439702000024108628267306300240222900               
99999
0000102120327845780153200007643700003000932764101691401              
763393883424633008529591000016908629267206200140225800               
99999
0000103120327845780153200007649900003000922764102961491              
788515035954636961772644000029608629267406700170221800               
99999
0000103120337845780153200007635300003000582764103571391              
757595103234608415287996000035708647265807700280221100               
99999
0000103120337845780153200007636300003000542764103631331              
773216840872609382776265000036308647265808000360222400               
99999
0000103120337845780153200007634400003000522764102701271              
780829174109609963483505000027008648265707900290221900               
99999
0000103120337845780153200007634500003000572764102771401              
787479651571610526942922000027708649265608000400222900               
99999
0000103120337845780153200007633200003000452764102761321              
794258718884611153323108000027608648265808000310221900               
99999
0000103120577845780153200007640000003000572764101561341              
654400783941660673885446000015608707279604500420229900               
99999
0000103120577845780153200007640000003000742764101121251              
663916448771662247528996000011208708279704400150229900               
99999
0000103120577845780153200007640000003000712764102031231              
682677157133665585773853000020308712279104700350227800               
99999
0000103120577845780153200007640000003000652764101411271              
695866409593668094152588000014108714279204100390229900               
99999
0000103120597845780153200007638000003000452764102641401              
755963191617662065247739000026408765279903700200228900               
99999
0000103120607845780153200007634600003000712764103061301              
631382063233632283803806000030608756284603900210222500               
99999
0000103120607845780153200007634700003000612764102281331              
641401037984632282293739000022808756284603600270228100               
99999
0000103120607845780153200007634900003000742764102401331              
648926165820632374272382000024008757284903200140225000               
99999
0000103120607845780153200007634900003000672764102781461              
696317772984634721415642000027808757284802500200224300               
99999
0000103120607845780153200007633900003000672764102971461              
722477239296637221020747000029708759284702600410225100               
99999
0000103120607845780153200007633400003000672764103131301              
736417080730638858215727000031308761285102600480227300               
99999
0000103120607845780153200007633500003000662764102691401              
748095569903640375388094000026908762285202600390226800               
99999
0000102120607845780153200007633500003000622764101231241              
754509704455640284748940000012308762285402500100229900               
99999
0000103120607845780153200007633700003000582764102911381              
787739409772646339187439000029108764284602600170222000               
