99999                                                                
000010398335708024195320-000176800000001902463101260301              
043574782279368399328665000014908049284705100050221199               
052812475367366505874433000010408049284705100160226579               
99999                                                                
000010398335708024195320-000184000000001622463100780261              
116293721791356828310711000007808056283505500390244179               
99999                                                                
000010298335708024195320-000178000000001912463101240221              
126654599832355720667916000016608056283405600080221393               
136498371509354983284502000008308054283405600140227081               
99999                                                                
000010398335708024195320-000181800000001712463100750281              
201661186897354694500318000007508059282606000330243278               
99999                                                                
000010298335708024195320-000182000000001732463101440191              
242214046053357976434791000014808056282306100070221569               
253275513683359374937216000014108056282306100140231471               
99999                                                                
000010398342708024195320-000191500000001592463101320241              
449840228725516414923569000013308021273108900080221980               
455679885492517177472064000013108021273108900090227998               
99999                                                                
000010098342708024195320-000189700000001682463101160321              
470625652598518716525539000011608024273108500060239791               
99999                                                                
000010398342708024195320-000190300000001662463101570261              
512903492783527487124242000015708026274007800170250073               
99999                                                                
000010398343708024195320-000185000000001702463100930221              
356357881152556406277048000009307976276907200180239914               
99999                                                                
000010398343708024195320-000185600000001602463100730251              
406644334950553947306340000007307966275307800170249999               
99999                                                                
000010098343708024195320-000181200000002012463101350091              
436986868220553780411676000013507971275507800050219908               
99999                                                                
000010398343708024195320-000186600000001802463101440271              
495114846648560382128020000018707974275907900060224396               
501602885966561388586873000010107974275907900150227514               
99999                                                                
000010398347708024195320-000194500000001732463100970381              
465346385173662396560934000009708056278604900050259915               
99999                                                                
000010398348708024195320-000189300000001852463100940411              
455897056070674313912008000009408056279604100040229987               
99999                                                                
000010398361708024195320-000183600000001732463101730281              
054379776398427590905896000010407989285304100120229918               
062135192392427449285025000024307989285304100030221371               
99999                                                                
000010398362708024195320-000181800000001832463100730291              
100225509531404493361225000008908011283204900210247451               
114061241090404752325972000005708016283204900240239963               
99999                                                                
000010298362708024195320-000184400000001602463101680271              
121673002966404780201464000009408016282605200080229966               
135991952524405591911493000024308024282605200030250771               
99999                                                                
000010098362708024195320-000180400000001942463101680281              
153254278383407859830308000016808021282405300080232071               
99999                                                                
000010398362708024195320-000183800000001732463101040251              
176835320162410047232367000012608026282305400040232144               
189184116114411807667886000009408024282305400100232268               
197071448965413039326295000009208024282305400100229980               
99999                                                                
000010398364708024195320-000182000000001652463100660261              
107613755727378398704372000006608009282305100170225382               
119360098777377567346992000006608009282305100380247909               
99999                                                                
000010298364708024195320-000178400000001802463102010221              
143545661318376646594429000017608009282105100100231574               
152083068566376552381012000022708009282105100040230554               
99999                                                                
000010398364708024195320-000186000000001832463101960341              
207947990393379077082761000019608009281605000080230693               
