1119941011 127 284 4963671112 5320  1  1  0     11 3B                                    A
2119941011 12716  3829  1914 100 120 4700 1200 90 11038 8NE    -530                39    A
3119941011 128 8675293224556029062022    -14806 -185057  2221      0 80210          0    A
3119941011 12847384232124556475197118    -14806 -185002  2221      0 80210          1    A
2119941011 13316  3976  1988 100 120 4700 1200 90 11038 8NE    -530                57    A
3119941011 13420164917124560418082138    -14801 -184506  2252      0 80210          0    A
2119941011 13516  4424  2212 100 120 4700 1200 90 11038 8NE    -530                58    A
3119941011 13610641691324561766140945    -14431 -184336  2503      0 80210          1    A
3119941011 13616561881524561838954771    -14431 -184327  2503      0 80210          1    A
2119941011 14016     0     0 100 120 4700 1200 90 11038 8NE    -530                 1    A
3119941011 14057018332424565352118034      -198 -183879     0      0 80210          0    A
2119941011 14316  4614  2307 100 120 4700 1200 90 11038 8NE    -530                37    A
2119941011 14516  3446  1723 100 120 4700 1200 90 11038 8NE    -530                89    A
3119941011 14626375529324569636515182    -15216 -183329  1906      0 80240          0    A
3119941011 147 5331598224570155335133    -15216 -183262  1906      0 80240          0    A
2119941011 15316  3441  1720 100 120 4700 1200 90 11038 8NE    -530                50    A
2119941011 13336  3441  2118 100 120 4700 8400 90 11038 8NE    -530N                     A
4119941011 13344862601624559988806758    -15215-2503261  2783      0 80210  3999 4491    A
1119941011 1543284 4963671112 5320  1  1  0     11 3A              F                     A
2119941011 15436  3441  1720 100 120 4700 1200 90 11038 8NE    -530F               50    A
3119941011 15438346578024576355779695    -14539 -182456  1964      0 80240          1    A
2119941011 15716  3847  1923 100 120 4700 1200 90 11038 8NE    -530               123    A
3119941011 158 8287677724579337218564    -14688 -182066  2097      0 80240          1    A
2119941011 2 016  3612  1806 100 120 4700 1200 90 11038 8NE    -530                89    A
3119941011 2 2 5983307924582794580233    -15216 -181611  1998      0 80240          1    A
2119941011 15816  3612  1858 100 120 4700 3600 90 11038 8NE    -530N                     A
4119941011 15817539187924579467846703    -15215-2501610  1459      0 80240  3999 4481    A
1119941012 135 285 4963771112 5320  1  5  0     11 3B                                    A
2119941012 13616  4294  2147 100 120 4700 1200100 14130 8SS    -529                20    A
2119941012 13916  4640  2320 100 120 4700 1200100 14130 8SS    -529                87    A
3119941012 140 9513069124850660251387    -13693 -185087  2569      0 79990          1    A
3119941012 14055389061824850996196656    -13693 -185050  2569      0 79990          0    A
3119941012 141 6655072024851077485404    -13693 -185041  2569      0 79990          0    A
3119941012 14121980901924851191388986    -13693 -185029  2569      0 79990          1    A
3119941012 14129288578824851246390265    -13693 -185023  2569      0 79990          0    A
2119941012 14116  4956  2478 100 120 4700 1200100 14130 8SS    -529                67    A
3119941012 14245816247724851817123869    -13224 -184960  2781      0 79990          1    A
2119941012 14416  4337  2168 100 120 4700 1200100 14130 8SS    -529                63    A
3119941012 14451366236124852776184702    -13925 -184854  2442      0 80010          0    A
3119941012 145  703828224852849024218    -13925 -184846  2442      0 80010          0    A
3119941012 14525062763624853039026696    -13925 -184824  2442      0 80010          1    A
3119941012 14526686690124853052356144    -13925 -184823  2442      0 80010          0    A
3119941012 14533588388524853106628083    -13925 -184817  2442      0 80010          0    A
2119941012 14716  5902  2951 100 120 4700 1200100 14130 8SS    -529                65    A
3119941012 14741180312524854117889843    -14000 -184703  3318      0 79990          0    A
3119941012 14819568847224854427085495    -14000 -184668  3318      0 79990          0    A
3119941012 14912378485424854858561734    -14000 -184619  3318      0 79990          0    A
2119941012 15016  5809  2904 100 120 4700 1200100 14130 8SS    -529                51    A
3119941012 15013617374424855363999263    -13450 -184561  3312      0 80010          0    A
2119941012 15216  4680  2340 100 120 4700 1200100 14130 8SS    -529                96    A
3119941012 15321904027424856957711259    -14052 -184377  2579      0 79990          0    A
3119941012 154 3745519924857320554149    -14052 -184334  2579      0 79990          0    A
2119941012 15416  4593  2296 100 120 4700 1200100 14130 8SS    -529                27    A
3119941012 155 6609290624857870022619    -13965 -184270  2739      0 79990          0    A
2119941012 15616  4238  2119 100 120 4700 1200100 14130 8SS    -529                94    A
3119941012 157 9696376224858967335888    -13521 -184141  2338      0 80010          1    A
3119941012 15721680099024859075487900    -13521 -184128  2338      0 80010          1    A
3119941012 15747881811824859313020275    -13521 -184100  2338      0 80010          0    A
3119941012 15812052368324859532767865    -13521 -184074  2338      0 80010          1    A
2119941012 15816  4991  2495 100 120 4700 1200100 14130 8SS    -529                91    A
2119941012 14826  4991  2435 100 120 470012000100 14130 8SS    -529N                     A
4119941012 14855114546524854715055157    -13520-2504073  1182      0 79990  7 6010831    A
1119941012 2 02285 4963771112 5320  1  5  0     11 3A              F                     A
2119941012 2 026  4991  2495 100 120 4700 1200100 14130 8SS    -529F               91    A
3119941012 2 022857795024860739657719    -14000 -183930  2757      0 79990          0    A
2119941012 2 116  4715  2357 100 120 4700 1200100 14130 8SS    -529                68    A
3119941012 2 232647625824861966689661    -14033 -183783  2643      0 80010          0    A
3119941012 2 326371286424862483922960    -14033 -183721  2643      0 80010          0    A
2119941012 2 416  4557  2278 100 120 4700 1200100 14130 8SS    -529                69    A
3119941012 2 451679152124863313069740    -14176 -183620  2553      0 80010          1    A
3119941012 2 5 9451627424863487515182    -14176 -183599  2553      0 80010          0    A
3119941012 2 538395377024863773563600    -14176 -183565  2553      0 80010          0    A
3119941012 2 540629627024863794689360    -14176 -183562  2553      0 80010          1    A
3119941012 2 613330980824864118046971    -14176 -183523  2553      0 80010          0    A
3119941012 2 615463675424864140608695    -14176 -183520  2553      0 80010          0    A
3119941012 2 615971469024864145291803    -14176 -183519  2553      0 80010          0    A
2119941012 2 716  5503  2751 100 120 4700 1200100 14130 8SS    -529                54    A
3119941012 2 734982820124864935639503    -13977 -183423  3126      0 80010          0    A
3119941012 2 836323248824865556905012    -13977 -183347  3126      0 80010          0    A
2119941012 2 916  4180  2090 100 120 4700 1200100 14130 8SS    -529                51    A
3119941012 21021434738424866635408967    -14045 -183214  2383      0 80010          0    A
3119941012 21053323645424866966938288    -14045 -183173  2383      0 80010          0    A
3119941012 21126024988824867308142955    -14045 -183131  2383      0 80010          0    A
2119941012 21216  3910  1955 100 120 4700 1200100 14130 8SS    -529                69    A
3119941012 213 3011908124868330016935    -13661 -183004  2191      0 80010          1    A
3119941012 21315401862224868460837909    -13661 -182988  2191      0 80010          0    A
3119941012 21343126922024868757497065    -13661 -182951  2191      0 80010          1    A
3119941012 214 5164790224868993495617    -13661 -182922  2191      0 80010          1    A
3119941012 21423038819824869185485546    -13661 -182898  2191      0 80010          1    A
3119941012 21423343501024869188812234    -13661 -182898  2191      0 80010          0    A
3119941012 21426491766424869222257382    -13661 -182893  2191      0 80010          0    A
3119941012 21429538468224869255440192    -13661 -182889  2191      0 80010          1    A
2119941012 21416  4540  2270 100 120 4700 1200100 14130 8SS    -529                49    A
3119941012 21510872183024869701916556    -13682 -182834  2595      0 80010          1    A
2119941012 21116  4540  2321 100 120 4700 8400100 14130 8SS    -529N                     A
4119941012 21155882733824867618366278    -13681-2502833  1726      0 80010  8514 6191    A
1119941012 253 285 4963771112 5320  0 13  0     11 3A                                    A
2119941012 25316  4914  2457 100 120 4700 1200100 13130 8SS    -529                33    A
3119941012 25444367381524900023084331    -13549 -178895  2885      0 80010          0    A
3119941012 25457288581624900214229790    -13549 -178869  2885      0 80010          0    A
2119941012 25716  6023  3011 100 120 4700 1200100 13130 8SS    -529                80    A
3119941012 25828221137724903347159772    -13790 -178450  3348      0 80040          0    A
3119941012 259 9426552624903966714492    -13790 -178367  3348      0 80040          0    A
3119941012 25934048057324904339228032    -13790 -178317  3348      0 80040          0    A
3119941012 25959381765024904721852934    -13790 -178265  3348      0 80040          0    A
2119941012 3 016  4640  2320 100 120 4700 1200100 13130 8SS    -529                50    A
3119941012 3 054329600824905557292540    -13841 -178153  2648      0 80040          0    A
3119941012 3 113774068124905854347238    -13841 -178113  2648      0 80040          1    A
3119941012 3 128433763424906079172304    -13841 -178083  2648      0 80040          0    A
3119941012 3 135050991324906178872339    -13841 -178069  2648      0 80040          0    A
3119941012 3 157854972024906529401232    -13841 -178022  2648      0 80040          0    A
2119941012 3 216  3454  1727 100 120 4700 1200100 13130 8SS    -529                80    A
3119941012 3 3 4230870524907550780557    -13829 -177885  1920      0 80040          0    A
3119941012 3 343730629024908162160343    -13829 -177802  1920      0 80040          0    A
3119941012 3 436464837524908981955943    -13829 -177692  1920      0 80040          0    A
2119941012 3 516  4328  2164 100 120 4700 1200100 13130 8SS    -529                97    A
3119941012 3 649012985324911060338355    -14292 -177411  2384      0 80010          0    A
3119941012 3 732584889424911749892914    -14292 -177318  2384      0 80010          0    A
2119941012 31016  4714  2357 100 120 4700 1200100 13130 8SS    -529                98    A
3119941012 31233617814924916587804188    -13767 -176661  2596      0 80010          0    A
2119941012 31316  4389  2194 100 120 4700 1200100 13130 8SS    -529                33    A
3119941012 31358623735724917979473433    -14980 -176471  2577      0 80010          0    A
3119941012 31410840151724918181417271    -14980 -176444  2577      0 80010          0    A
2119941012 31416  3987  1993 100 120 4700 1200100 13130 8SS    -529               105    A
3119941012 31512736662124919201510804    -14130 -176305  2189      0 80010          1    A
3119941012 31548775098424919798515048    -14130 -176224  2189      0 80010          0    A
2119941012 31716  4276  2138 100 120 4700 1200100 13130 8SS    -529               118    A
3119941012 31746059885424921754642114    -14175 -175956  2335      0 80010          0    A
3119941012 31810711289224922168322735    -14175 -175900  2335      0 80010          1    A
3119941012 31858282395524922968647947    -14175 -175790  2335      0 80010          0    A
3119941012 31921609543424923363177268    -14175 -175737  2335      0 80010          1    A
3119941012 31924461771224923411124606    -14175 -175730  2335      0 80010          0    A
2119941012 31916  4049  2024 100 120 4700 1200100 13130 8SS    -529               141    A
3119941012 31953697127024923906928075    -13872 -175662  2195      0 80040          0    A
3119941012 32034137654124924592877864    -13872 -175568  2195      0 80040          0    A
3119941012 32116921082824925321639209    -13872 -175468  2195      0 80040          0    A
2119941012 32216  3809  1904 100 120 4700 1200100 13130 8SS    -529                67    A
3119941012 32336272824124927714814578    -14196 -175140  2137      0 80010          0    A
2119941012 32416  4631  2315 100 120 4700 1200100 13130 8SS    -529               110    A
3119941012 32522212738424929553542464    -13905 -174887  2536      0 80040          0    A
3119941012 32616405081824930500324485    -13905 -174757  2536      0 80040          0    A
2119941012 32716  7205  3602 100 120 4700 1200100 13130 8SS    -529                20    A
3119941012 32731989143424931828713293    -12232 -174575  4409      0 80010          0    A
2119941012 32816  4120  2060 100 120 4700 1200100 13130 8SS    -529               114    A
3119941012 32854194429524933280890446    -14180 -174374  2253      0 80010          1    A
3119941012 330 3055378324934504853530    -14180 -174206  2253      0 80010          0    A
2119941012 31616  4120  2242 100 120 470016800100 13130 8SS    -529N                     A
4119941012 31634605198524920558120570    -14179-2494205  1179      0 80040  599916601    A
1119941013 124 286 4963871112 5320  1160  0     11 3D                                    A
2119941013 12416  2522  1261 100 100 4700 1200100 15028 8SS    -529               103    A
3119941013 12425240186325145284717538    -15203 -181856  1385      0 79790          0    A
3119941013 12427704402925145285072955    -15203 -181856  1385      0 79790          0    A
3119941013 12429347206525145285644582    -15203 -181857  1385      0 79790          0    A
3119941013 12434891694825145284762427    -15203 -181859  1385      0 79790          0    A
3119941013 12437253239325145286407200    -15203 -181859  1385      0 79790          0    A
3119941013 12438896049225145285482784    -15203 -181860  1385      0 79790          0    A
3119941013 12439717456825145284458867    -15203 -181860  1385      0 79790          0    A
3119941013 12442181676525145284544338    -15203 -181861  1385      0 79790          0    A
3119941013 12445877999725145285059092    -15203 -181862  1385      0 79790          0    A
3119941013 12446596731925145286314280    -15203 -181862  1385      0 79790          0    A
3119941013 12447418139225145286399340    -15203 -181863  1385      0 79790          0    A
3119941013 12447828840525145285058942    -15203 -181863  1385      0 79790          0    A
3119941013 12448342217125145284549887    -15203 -181863  1385      0 79790          0    A
3119941013 12450395733325145285806098    -15203 -181864  1385      0 79790          0    A
3119941013 12453065301625145285998970    -15203 -181864  1385      0 79790          0    A
3119941013 12455221494725145284770495    -15203 -181865  1385      0 79790          0    A
3119941013 12458096415925145286148238    -15203 -181866  1385      0 79790          0    A
3119941013 12458815143325145285851200    -15203 -181866  1385      0 79790          0    A
3119941013 12459841906525145284814366    -15203 -181867  1385      0 79790          0    A
3119941013 125 1176685525145286575587    -15203 -181867  1385      0 79790          0    A
3119941013 125 2716822925145285424278    -15203 -181868  1385      0 79790          0    A
3119941013 12510828204725145285086826    -15203 -181870  1385      0 79790          0    A
3119941013 12511854962025145286301154    -15203 -181870  1385      0 79790          0    A
3119941013 12512265674125145286969671    -15203 -181870  1385      0 79790          0    A
3119941013 12513703125125145285384171    -15203 -181871  1385      0 79790          0    A
3119941013 12517399452525145286979130    -15203 -181872  1385      0 79790          0    A
3119941013 12519350291425145286387511    -15203 -181873  1385      0 79790          0    A
2119941013 12616  4107  2053 100 100 4700 1200100 15028 8SS    -529                17    A
3119941013 12619107595425145292692735    -14265 -181891  2552      0 79790          0    A
3119941013 12619929003025145293315444    -14265 -181891  2552      0 79790          0    A
3119941013 12623419975925145295030212    -14265 -181892  2552      0 79790          0    A
3119941013 12624754760125145293955498    -14265 -181892  2552      0 79790          0    A
3119941013 12630709953725145295789188    -14265 -181894  2552      0 79790          0    A
3119941013 12632250090825145296037946    -14265 -181894  2552      0 79790          0    A
3119941013 12634098253425145296587106    -14265 -181895  2552      0 79790          0    A
3119941013 12634919660225145296841559    -14265 -181895  2552      0 79790          0    A
3119941013 12635227687225145296224682    -14265 -181895  2552      0 79790          0    A
3119941013 12644160477225145298486576    -14265 -181898  2552      0 79790          0    A
3119941013 12645392583725145298641529    -14265 -181898  2552      0 79790          0    A
3119941013 12646316673625145297795165    -14265 -181898  2552      0 79790          0    A
3119941013 12649396939225145299905171    -14265 -181899  2552      0 79790          0    A
3119941013 12652887915925145300991679    -14265 -181900  2552      0 79790          0    A
3119941013 12655762833125145300924584    -14265 -181901  2552      0 79790          0    A
3119941013 12656070860225145300625053    -14265 -181901  2552      0 79790          0    A
3119941013 127 1512675425145302051809    -14265 -181903  2552      0 79790          0    A
3119941013 127 3771550525145302484684    -14265 -181903  2552      0 79790          0    A
3119941013 127 4182245325145302143433    -14265 -181904  2552      0 79790          0    A
3119941013 127 6954489925145302861699    -14265 -181904  2552      0 79790          0    A
3119941013 127 7981247225145304179462    -14265 -181905  2552      0 79790          0    A
3119941013 12717530090725145305582143    -14265 -181907  2552      0 79790          0    A
2119941013 12816  3598  1799 100 100 4700 1200100 15028 8SS    -529                40    A
3119941013 12829505784825145330409394    -14899 -181926  2084      0 79790          0    A
3119941013 12829916486925145330491977    -14899 -181926  2084      0 79790          0    A
3119941013 12839773357225145334391747    -14899 -181929  2084      0 79790          0    A
3119941013 12846960670725145337864460    -14899 -181931  2084      0 79790          0    A
3119941013 12847166016125145337243805    -14899 -181931  2084      0 79790          0    A
3119941013 12850040942025145339432313    -14899 -181931  2084      0 79790          0    A
3119941013 12854661338625145340545083    -14899 -181933  2084      0 79790          0    A
3119941013 12857022883525145342583012    -14899 -181933  2084      0 79790          0    A
3119941013 12858563017125145343396410    -14899 -181934  2084      0 79790          0    A
3119941013 129 2670047525145345086240    -14899 -181935  2084      0 79790          0    A
3119941013 129 2978076525145344557639    -14899 -181935  2084      0 79790          0    A
3119941013 129 4415537225145345819082    -14899 -181935  2084      0 79790          0    A
3119941013 129 4826238125145345124606    -14899 -181935  2084      0 79790          0    A
3119941013 129 5647645025145345901806    -14899 -181935  2084      0 79790          1    A
3119941013 129 7495806825145346709359    -14899 -181936  2084      0 79790          0    A
3119941013 129 7906510725145347188218    -14899 -181936  2084      0 79790          0    A
3119941013 129 8419889825145346833972    -14899 -181936  2084      0 79790          0    A
3119941013 129 8933268025145348059678    -14899 -181936  2084      0 79790          0    A
3119941013 129 9343979125145347428070    -14899 -181936  2084      0 79790          0    A
3119941013 12910678756325145348111471    -14899 -181937  2084      0 79790          0    A
3119941013 12912629596025145349685293    -14899 -181937  2084      0 79790          0    A
3119941013 12913656352525145348682388    -14899 -181937  2084      0 79790          0    A
3119941013 12914477761125145350168512    -14899 -181937  2084      0 79790          0    A
3119941013 12916428599525145350651304    -14899 -181938  2084      0 79790          0    A
3119941013 12916941976125145351810334    -14899 -181938  2084      0 79790          0    A
3119941013 12919406202525145352242347    -14899 -181939  2084      0 79790          0    A
3119941013 12920946329125145352958872    -14899 -181939  2084      0 79790          0    A
3119941013 12925361391325145354534585    -14899 -181940  2084      0 79790          0    A
3119941013 12926182792025145355430273    -14899 -181940  2084      0 79790          0    A
3119941013 12928852363825145357877462    -14899 -181941  2084      0 79790          0    A
3119941013 12930597850225145357950108    -14899 -181941  2084      0 79790          1    A
3119941013 12932959393525145359956529    -14899 -181942  2084      0 79790          0    A
3119941013 12936553042325145360992717    -14899 -181943  2084      0 79790          1    A
3119941013 12936963746125145361432458    -14899 -181943  2084      0 79790          0    A
3119941013 12940557398925145362509908    -14899 -181944  2084      0 79790          0    A
3119941013 12940968106825145362856291    -14899 -181944  2084      0 79790          0    A
3119941013 12943637669125145364338355    -14899 -181944  2084      0 79790          0    A
3119941013 12945075128525145364525253    -14899 -181945  2084      0 79790          0    A
3119941013 12945280479925145366217258    -14899 -181945  2084      0 79790          0    A
3119941013 12948463435625145367479152    -14899 -181946  2084      0 79790          0    A
3119941013 12949182159525145366744812    -14899 -181946  2084      0 79790          0    A
3119941013 12950003569425145368779116    -14899 -181946  2084      0 79790          0    A
3119941013 12952159755825145369126330    -14899 -181946  2084      0 79790          0    A
3119941013 12952673143825145370368542    -14899 -181947  2084      0 79790          0    A
3119941013 12955342704225145371094544    -14899 -181947  2084      0 79790          0    A
3119941013 12956061435925145370978854    -14899 -181947  2084      0 79790          0    A
3119941013 12956164108625145371451871    -14899 -181947  2084      0 79790          1    A
3119941013 12957293542925145371721323    -14899 -181948  2084      0 79790          0    A
3119941013 12959141706625145373717539    -14899 -181948  2084      0 79790          0    A
3119941013 12959757761925145373190252    -14899 -181948  2084      0 79790          0    A
3119941013 130  784516125145374306823    -14899 -181948  2084      0 79790          0    A
3119941013 130 6226330125145376104749    -14899 -181950  2084      0 79790          0    A
3119941013 130 7355765625145377518973    -14899 -181950  2084      0 79790          0    A
3119941013 13012078850725145380471845    -14899 -181951  2084      0 79790          0    A
3119941013 13012386884325145380628979    -14899 -181951  2084      0 79790          0    A
3119941013 13013824339625145381209223    -14899 -181951  2084      0 79790          0    A
2119941013 13016  3815  1907 100 100 4700 1200100 15028 8SS    -529                47    A
3119941013 13040006649225145396827269    -14694 -181957  2186      0 79790          0    A
3119941013 13042060167425145397704395    -14694 -181958  2186      0 79790          0    A
3119941013 13059617718925145410383426    -14694 -181961  2186      0 79790          0    A
3119941013 131  233770325145409814126    -14694 -181962  2186      0 79790          0    A
3119941013 131 9885293425145417187918    -14694 -181964  2186      0 79790          0    A
3119941013 13139045199225145436759711    -14694 -181970  2186      0 79790          0    A
3119941013 13141406751725145439541592    -14694 -181970  2186      0 79790          0    A
2119941013 13316  3996  1998 100 100 4700 1200100 15028 8SS    -529                88    A
3119941013 13319154049225145520196832    -14634 -181988  2211      0 79790          0    A
3119941013 13320488837425145519834117    -14634 -181989  2211      0 79790          0    A
3119941013 13322028967025145522356437    -14634 -181989  2211      0 79790          0    A
3119941013 13323158400625145523734918    -14634 -181989  2211      0 79790          0    A
3119941013 13354885203925145553252568    -14634 -181994  2211      0 79790          0    A
3119941013 134 8233050425145566495476    -14634 -181996  2211      0 79790          0    A
3119941013 13434210011925145593147652    -14634 -182001  2211      0 79790          0    A
3119941013 13439446485525145598378187    -14634 -182001  2211      0 79790          0    A
3119941013 13452896999825145611946608    -14634 -182003  2211      0 79790          0    A
3119941013 13457209381525145616863156    -14634 -182004  2211      0 79790          0    A
2119941013 13716  5922  2961 100 100 4700 1200100 15028 8SS    -529                29    A
3119941013 13723727644525145793970668    -14381 -182022  3511      0 79790          0    A
3119941013 13724651725125145795346804    -14381 -182022  3511      0 79790          0    A
3119941013 13728348057225145800133503    -14381 -182023  3511      0 79790          0    A
2119941013 13816  3971  1985 100 100 4700 1200100 15028 8SS    -529                71    A
3119941013 13846689661525145911166620    -14992 -182030  2221      0 79790          0    A
3119941013 13857367935825145927036189    -14992 -182031  2221      0 79790          0    A
3119941013 139 4760590525145938939745    -14992 -182031  2221      0 79790          0    A
3119941013 13919032516525145961395834    -14992 -182032  2221      0 79790          0    A
3119941013 13935049932525145985608553    -14992 -182034  2221      0 79790          0    A
3119941013 13952710158625146013202081    -14992 -182035  2221      0 79790          0    A
3119941013 140 1232246025146026803627    -14992 -182035  2221      0 79790          0    A
3119941013 140 5441950925146035334102    -14992 -182035  2221      0 79790          0    A
3119941013 14010678415425146043505554    -14992 -182036  2221      0 79790          0    A
3119941013 14024231612325146065798512    -14992 -182036  2221      0 79790          0    A
2119941013 14116  4502  2251 100 100 4700 1200100 15028 8SS    -529                21    A
3119941013 14119881868125146160499434    -14226 -182039  2743      0 79790          0    A
3119941013 14124296917625146167619938    -14226 -182039  2743      0 79790          0    A
3119941013 14129738734125146177037946    -14226 -182039  2743      0 79790          0    A
3119941013 14134256467425146185041714    -14226 -182040  2743      0 79790          0    A
3119941013 14134975197925146186985275    -14226 -182040  2743      0 79790          0    A
3119941013 14135693927825146188602418    -14226 -182040  2743      0 79790          0    A
3119941013 14144729390325146204556768    -14226 -182040  2743      0 79790          0    A
3119941013 14146166861825146206455654    -14226 -182040  2743      0 79790          0    A
3119941013 14148015016125146210911885    -14226 -182040  2743      0 79790          0    A
2119941013 14216  4067  2033 100 100 4700 1200100 15028 8SS    -529                19    A
3119941013 14258039854425146340950108    -13910 -182041  2500      0 79790          0    A
3119941013 143 7177996225146359070912    -13910 -182041  2500      0 79790          0    A
3119941013 143 8307426725146361405886    -13910 -182041  2500      0 79790          0    A
3119941013 14320525843325146386139197    -13910 -182041  2500      0 79790          0    A
3119941013 14321244577925146387317622    -13910 -182041  2500      0 79790          0    A
3119941013 14322476679525146389459429    -13910 -182041  2500      0 79790          0    A
3119941013 14326378356825146397248031    -13910 -182041  2500      0 79790          0    A
2119941013 14416  4447  2223 100 100 4700 1200100 15028 8SS    -529                87    A
3119941013 14422542004225146510283206    -14446 -182041  2462      0 79790          0    A
3119941013 14425416924525146516200599    -14446 -182041  2462      0 79790          0    A
3119941013 14431577469525146529296769    -14446 -182041  2462      0 79790          0    A
3119941013 14444617289725146557431134    -14446 -182041  2462      0 79790          0    A
3119941013 14447184184325146563249344    -14446 -182041  2462      0 79790          0    A
3119941013 14448313614925146565612638    -14446 -182041  2462      0 79790          0    A
3119941013 14449237699225146567846078    -14446 -182041  2462      0 79790          0    A
3119941013 14450264462525146569077475    -14446 -182041  2462      0 79790          0    A
3119941013 14453447407325146576272541    -14446 -182041  2462      0 79790          0    A
3119941013 14456835701025146582895092    -14446 -182040  2462      0 79790          0    A
3119941013 145  532026725146591085495    -14446 -182040  2462      0 79790          0    A
3119941013 145 3201595525146597096888    -14446 -182040  2462      0 79790          0    A
3119941013 145 3920328825146599115397    -14446 -182040  2462      0 79790          0    A
3119941013 145 7103274625146604731684    -14446 -182040  2462      0 79790          0    A
3119941013 145 9156789325146610067982    -14446 -182040  2462      0 79790          0    A
3119941013 14513161145125146617866638    -14446 -182040  2462      0 79790          0    A
3119941013 14515009306825146623055301    -14446 -182040  2462      0 79790          0    A
3119941013 14515111984525146622400078    -14446 -182040  2462      0 79790          0    A
3119941013 14515317335425146623803167    -14446 -182040  2462      0 79790          0    A
3119941013 14516344096525146624788577    -14446 -182040  2462      0 79790          0    A
3119941013 14522093935625146638260136    -14446 -182040  2462      0 79790          1    A
3119941013 14522196612325146637807394    -14446 -182040  2462      0 79790          0    A
3119941013 14523223367025146640709059    -14446 -182040  2462      0 79790          0    A
3119941013 14524455475425146643123151    -14446 -182040  2462      0 79790          0    A
3119941013 14528151800525146652479144    -14446 -182040  2462      0 79790          0    A
3119941013 14533388270525146662642098    -14446 -182039  2462      0 79790          0    A
3119941013 14534620372725146665663544    -14446 -182039  2462      0 79790          0    A
3119941013 14544066540225146685937702    -14446 -182039  2462      0 79790          0    A
3119941013 14544271892925146686586662    -14446 -182039  2462      0 79790          0    A
3119941013 14553204682725146706279683    -14446 -182039  2462      0 79790          0    A
3119941013 146 2958879425146729136408    -14446 -182038  2462      0 79790          1    A
3119941013 146 5012392225146733252702    -14446 -182038  2462      0 79790          0    A
3119941013 146 5936477225146734998686    -14446 -182038  2462      0 79790          0    A
3119941013 146 8195347425146740884879    -14446 -182038  2462      0 79790          0    A
2119941013 14616  3685  1842 100 100 4700 1200100 15028 8SS    -529                85    A
3119941013 147 2305460125146865714919    -14823 -182035  2043      0 79790          0    A
3119941013 147 6104459625146874778950    -14823 -182035  2043      0 79790          0    A
3119941013 147 8979377825146882415530    -14823 -182035  2043      0 79790          0    A
3119941013 14711854302825146889319681    -14823 -182035  2043      0 79790          0    A
3119941013 14714626547225146894982052    -14823 -182034  2043      0 79790          0    A
3119941013 14715242599425146897920206    -14823 -182034  2043      0 79790          0    A
3119941013 14720992443925146911299096    -14823 -182034  2043      0 79790          0    A
3119941013 14726844959025146924069154    -14823 -182034  2043      0 79790          0    A
3119941013 14730438607925146934021146    -14823 -182033  2043      0 79790          0    A
3119941013 14735469721125146944951706    -14823 -182033  2043      0 79790          0    A
3119941013 14737523236525146949790787    -14823 -182033  2043      0 79790          0    A
3119941013 14746866729125146973841860    -14823 -182032  2043      0 79790          0    A
3119941013 14749947000225146981992717    -14823 -182032  2043      0 79790          0    A
3119941013 14750255027225146981029467    -14823 -182032  2043      0 79790          0    A
3119941013 14751692486825146986088132    -14823 -182032  2043      0 79790          0    A
3119941013 14754054028425146991454631    -14823 -182032  2043      0 79790          0    A
3119941013 148 3294853925147013821719    -14823 -182031  2043      0 79790          0    A
3119941013 148 6683144425147021874683    -14823 -182031  2043      0 79790          0    A
3119941013 14810071446525147031403132    -14823 -182031  2043      0 79790          0    A
3119941013 14816437342225147046508760    -14823 -182030  2043      0 79790          0    A
3119941013 14817874803725147050691873    -14823 -182030  2043      0 79790          0    A
3119941013 14820030993825147055687486    -14823 -182030  2043      0 79790          0    A
3119941013 14820339021525147056810334    -14823 -182030  2043      0 79790          0    A
3119941013 14825780835225147069906335    -14823 -182029  2043      0 79790          0    A
3119941013 14826396889225147071164276    -14823 -182029  2043      0 79790          0    A
3119941013 14826910266325147072966021    -14823 -182029  2043      0 79790          0    A
3119941013 14828655756925147077100245    -14823 -182029  2043      0 79790          0    A
2119941013 14916  3347  1673 100 100 4700 1200100 15028 8SS    -529                80    A
3119941013 14919582926025147207537355    -14911 -182024  1861      0 79790          0    A
3119941013 14926667548725147227083586    -14911 -182024  1861      0 79790          0    A
3119941013 14926770223225147225734759    -14911 -182024  1861      0 79790          0    A
3119941013 14930261198625147235435218    -14911 -182023  1861      0 79790          0    A
3119941013 14936216391025147252280418    -14911 -182023  1861      0 79790          0    A
3119941013 14941966235725147265806684    -14911 -182022  1861      0 79790          0    A
3119941013 14942171583925147267537063    -14911 -182022  1861      0 79790          0    A
3119941013 14942274261125147266963536    -14911 -182022  1861      0 79790          0    A
3119941013 14950385643525147289833246    -14911 -182021  1861      0 79790          0    A
3119941013 14950796347825147289428656    -14911 -182021  1861      0 79790          0    A
3119941013 14953979298425147297735627    -14911 -182021  1861      0 79790          0    A
3119941013 14956032809225147304885765    -14911 -182021  1861      0 79790          0    A
3119941013 14957470270925147307939753    -14911 -182021  1861      0 79790          0    A
3119941013 150 1063921925147318010640    -14911 -182020  1861      0 79790          0    A
3119941013 150 1474623425147317624301    -14911 -182020  1861      0 79790          0    A
3119941013 150 2604057525147321394367    -14911 -182020  1861      0 79790          0    A
3119941013 150 2706733325147322426487    -14911 -182020  1861      0 79790          0    A
3119941013 150 3836176325147325526115    -14911 -182020  1861      0 79790          0    A
3119941013 150 4760248625147327121818    -14911 -182020  1861      0 79790          0    A
3119941013 150 7737843325147334781294    -14911 -182019  1861      0 79790          0    A
3119941013 150 9894032025147341949379    -14911 -182019  1861      0 79790          0    A
3119941013 15012974307925147349368987    -14911 -182019  1861      0 79790          0    A
3119941013 15014925151925147354957683    -14911 -182019  1861      0 79790          0    A
3119941013 15017286686625147362014156    -14911 -182018  1861      0 79790          0    A
3119941013 15020674985925147369815733    -14911 -182018  1861      0 79790          0    A
3119941013 15021291042625147372028320    -14911 -182018  1861      0 79790          0    A
3119941013 15026014123825147385289183    -14911 -182017  1861      0 79790          0    A
3119941013 15026322149725147385934503    -14911 -182017  1861      0 79790          0    A
3119941013 15026835530425147387924283    -14911 -182017  1861      0 79790          0    A
3119941013 15028478342125147392504097    -14911 -182017  1861      0 79790          0    A
3119941013 15037103106025147414819096    -14911 -182016  1861      0 79790          0    A
3119941013 15037924509025147417728924    -14911 -182016  1861      0 79790          0    A
3119941013 15038232538725147418080966    -14911 -182016  1861      0 79790          0    A
3119941013 15043468999425147432395683    -14911 -182015  1861      0 79790          0    A
3119941013 15045111811725147436991101    -14911 -182015  1861      0 79790          0    A
3119941013 15045214493925147437900056    -14911 -182015  1861      0 79790          0    A
3119941013 15046754624025147441060264    -14911 -182015  1861      0 79790          0    A
3119941013 15047781382125147445473895    -14911 -182015  1861      0 79790          0    A
3119941013 15050348274925147451088559    -14911 -182014  1861      0 79790          0    A
3119941013 15050861654025147452680185    -14911 -182014  1861      0 79790          0    A
3119941013 15052196444525147457564933    -14911 -182014  1861      0 79790          0    A
3119941013 15056200794225147468979139    -14911 -182014  1861      0 79790          0    A
3119941013 151  821207225147481265392    -14911 -182013  1861      0 79790          0    A
3119941013 151 1539935025147482292674    -14911 -182013  1861      0 79790          0    A
3119941013 151 3593446425147488550774    -14911 -182013  1861      0 79790          0    A
3119941013 151 4414850625147490407209    -14911 -182013  1861      0 79790          0    A
3119941013 151 7392456225147499903112    -14911 -182012  1861      0 79790          0    A
2119941013 15216  3700  1850 100 100 4700 1200100 15028 8SS    -529                40    A
3119941013 15219573500125147705732130    -14535 -182002  2143      0 79790          0    A
3119941013 15225836716225147723453024    -14535 -182001  2143      0 79790          0    A
3119941013 15228403607025147731301288    -14535 -182001  2143      0 79790          0    A
3119941013 15231997261125147742740594    -14535 -182000  2143      0 79790          0    A
3119941013 15239287236525147764801417    -14535 -181999  2143      0 79790          0    A
3119941013 15240519345125147767839792    -14535 -181999  2143      0 79790          0    A
3119941013 15243086238825147776119926    -14535 -181999  2143      0 79790          0    A
3119941013 15244729049425147780856149    -14535 -181998  2143      0 79790          0    A
3119941013 15245345104025147782074989    -14535 -181998  2143      0 79790          0    A
3119941013 15246577220425147785755770    -14535 -181998  2143      0 79790          0    A
3119941013 15247295953325147787478993    -14535 -181998  2143      0 79790          0    A
3119941013 15258898312725147821588696    -14535 -181996  2143      0 79790          0    A
3119941013 15259514357225147825200189    -14535 -181996  2143      0 79790          0    A
3119941013 153 2286601725147832973605    -14535 -181996  2143      0 79790          0    A
3119941013 153 3621388025147836395966    -14535 -181995  2143      0 79790          0    A
3119941013 15311732768325147861959885    -14535 -181994  2143      0 79790          0    A
3119941013 15317893312825147879059528    -14535 -181993  2143      0 79790          0    A
3119941013 15318714721625147882823192    -14535 -181993  2143      0 79790          0    A
3119941013 15323745831325147897268757    -14535 -181992  2143      0 79790          0    A
3119941013 15324156534125147898052395    -14535 -181992  2143      0 79790          0    A
3119941013 15324361889625147898579372    -14535 -181992  2143      0 79790          0    A
3119941013 15332575943825147924661820    -14535 -181991  2143      0 79790          0    A
3119941013 15335348190925147933748312    -14535 -181990  2143      0 79790          0    A
3119941013 15335964244625147934972150    -14535 -181990  2143      0 79790          0    A
2119941013 15316  4063  2031 100 100 4700 1200100 15028 8SS    -529                51    A
3119941013 15347977304825147972207783    -14388 -181988  2317      0 79790          0    A
3119941013 15349004063625147974737379    -14388 -181988  2317      0 79790          0    A
3119941013 15354343202925147992400051    -14388 -181987  2317      0 79790          0    A
3119941013 15356807418025147999228057    -14388 -181986  2317      0 79790          0    A
3119941013 15358450233925148004254752    -14388 -181986  2317      0 79790          1    A
3119941013 15359374313625148007525688    -14388 -181986  2317      0 79790          0    A
3119941013 154 1427828525148013528149    -14388 -181986  2317      0 79790          0    A
3119941013 154 4610775825148022514169    -14388 -181985  2317      0 79790          0    A
3119941013 154 4918808925148024902241    -14388 -181985  2317      0 79790          0    A
3119941013 154 9333863025148037502197    -14388 -181984  2317      0 79790          0    A
3119941013 154 9436543925148037482350    -14388 -181984  2317      0 79790          0    A
3119941013 15414364970825148052966883    -14388 -181983  2317      0 79790          0    A
3119941013 15416623840025148061238386    -14388 -181983  2317      0 79790          0    A
3119941013 15419088054125148068152615    -14388 -181982  2317      0 79790          0    A
3119941013 15423092407925148081536493    -14388 -181982  2317      0 79790          0    A
3119941013 15423708471925148083547419    -14388 -181981  2317      0 79790          0    A
3119941013 15428226196325148096800573    -14388 -181981  2317      0 79790          0    A
3119941013 15433976041325148115805512    -14388 -181980  2317      0 79790          0    A
3119941013 15434181390025148115787705    -14388 -181980  2317      0 79790          0    A
3119941013 15435926884025148120921964    -14388 -181979  2317      0 79790          0    A
3119941013 15438904472825148131505830    -14388 -181979  2317      0 79790          0    A
3119941013 15442703476525148143696971    -14388 -181978  2317      0 79790          0    A
3119941013 15448247969125148161008765    -14388 -181977  2317      0 79790          1    A
3119941013 15452046968825148172525680    -14388 -181976  2317      0 79790          0    A
3119941013 15452868375525148174867224    -14388 -181976  2317      0 79790          0    A
3119941013 15456359349725148186081552    -14388 -181975  2317      0 79790          0    A
3119941013 15458310190125148193511966    -14388 -181975  2317      0 79790          0    A
3119941013 155 1287783925148202683249    -14388 -181974  2317      0 79790          0    A
3119941013 155 4881438025148215134082    -14388 -181974  2317      0 79790          0    A
3119941013 155 7448328725148222914957    -14388 -181973  2317      0 79790          0    A
3119941013 155 9809870125148229292674    -14388 -181973  2317      0 79790          0    A
3119941013 15512376766225148238003206    -14388 -181972  2317      0 79790          0    A
2119941013 15516  3908  1954 100 100 4700 1200100 15028 8SS    -529                85    A
3119941013 15558478172325148388984103    -14380 -181963  2166      0 79790          0    A
3119941013 15558683528625148390284788    -14380 -181963  2166      0 79790          0    A
3119941013 156 5460123525148412169826    -14380 -181961  2166      0 79790          0    A
3119941013 156 5768148125148413813396    -14380 -181961  2166      0 79790          0    A
3119941013 156 6076182625148414410867    -14380 -181961  2166      0 79790          0    A
3119941013 156 6794906325148416807404    -14380 -181961  2166      0 79790          0    A
3119941013 15612750099325148436961057    -14380 -181960  2166      0 79790          0    A
3119941013 15616241074325148448769455    -14380 -181959  2166      0 79790          0    A
3119941013 15616549103525148449594985    -14380 -181959  2166      0 79790          0    A
3119941013 15622196267425148469699598    -14380 -181958  2166      0 79790          0    A
3119941013 15626816676725148484311208    -14380 -181957  2166      0 79790          0    A
3119941013 15630102300225148495541432    -14380 -181956  2166      0 79790          0    A
3119941013 15633490600425148507732405    -14380 -181955  2166      0 79790          0    A
3119941013 15643244794325148540730371    -14380 -181953  2166      0 79790          0    A
3119941013 15643758182625148541558662    -14380 -181953  2166      0 79790          1    A
3119941013 15644374227225148543518832    -14380 -181953  2166      0 79790          0    A
3119941013 15648378583025148557815439    -14380 -181952  2166      0 79790          0    A
3119941013 15652690964225148571265392    -14380 -181951  2166      0 79790          0    A
3119941013 15652998992225148573684121    -14380 -181951  2166      0 79790          0    A
3119941013 15653409698725148573922098    -14380 -181951  2166      0 79790          0    A
3119941013 15654847155025148579586379    -14380 -181950  2166      0 79790          0    A
3119941013 15658851506925148593135396    -14380 -181949  2166      0 79790          0    A
3119941013 15658954182325148593573678    -14380 -181949  2166      0 79790          0    A
3119941013 15659262215825148595272834    -14380 -181949  2166      0 79790          0    A
3119941013 157 1007698225148600442947    -14380 -181949  2166      0 79790          0    A
3119941013 157 1623753625148601901655    -14380 -181949  2166      0 79790          0    A
3119941013 157 2650510325148605375994    -14380 -181949  2166      0 79790          0    A
3119941013 157 3061214825148608383292    -14380 -181949  2166      0 79790          0    A
3119941013 157 3266565925148607178425    -14380 -181948  2166      0 79790          0    A
3119941013 157 5217404125148614733887    -14380 -181948  2166      0 79790          0    A
3119941013 15712199354725148639024804    -14380 -181946  2166      0 79790          0    A
3119941013 15714458219625148645784500    -14380 -181946  2166      0 79790          0    A
3119941013 15714560896525148647166905    -14380 -181946  2166      0 79790          0    A
3119941013 15716922442625148656048880    -14380 -181945  2166      0 79790          0    A
3119941013 15717538494125148658306252    -14380 -181945  2166      0 79790          0    A
3119941013 15719386655525148663982638    -14380 -181945  2166      0 79790          0    A
3119941013 15727600713625148691217243    -14380 -181943  2166      0 79790          0    A
3119941013 15734274635725148715829889    -14380 -181941  2166      0 79790          0    A
3119941013 15737046882925148724873218    -14380 -181941  2166      0 79790          0    A
3119941013 15739100395325148732477677    -14380 -181940  2166      0 79790          0    A
3119941013 15740332505525148736096729    -14380 -181940  2166      0 79790          0    A
3119941013 15741975319525148742095139    -14380 -181939  2166      0 79790          0    A
3119941013 15743926158125148748883573    -14380 -181939  2166      0 79790          0    A
3119941013 15747417131425148760609559    -14380 -181938  2166      0 79790          0    A
2119941013 15816  3807  1903 100 100 4700 1200100 15028 8SS    -529                57    A
3119941013 159    8867225149021285836    -14734 -181920  2156      0 79790          0    A
3119941013 159  316902125149021600391    -14734 -181920  2156      0 79790          0    A
3119941013 159 1446324725149025307124    -14734 -181919  2156      0 79790          0    A
3119941013 159 2473089825149030188077    -14734 -181919  2156      0 79790          0    A
3119941013 159 3910544225149034495183    -14734 -181919  2156      0 79790          0    A
3119941013 159 7606872225149048917410    -14734 -181918  2156      0 79790          0    A
3119941013 15912637982325149066022904    -14734 -181916  2156      0 79790          0    A
3119941013 15918079795125149086356875    -14734 -181915  2156      0 79790          0    A
3119941013 15918490499025149089051064    -14734 -181915  2156      0 79790          0    A
3119941013 15921057393225149098772529    -14734 -181914  2156      0 79790          0    A
3119941013 15921365421725149098744545    -14734 -181914  2156      0 79790          0    A
3119941013 15944262112625149184195794    -14734 -181908  2156      0 79790          0    A
3119941013 15945494224825149187560269    -14734 -181908  2156      0 79790          0    A
3119941013 15950011957325149204109420    -14734 -181906  2156      0 79790          0    A
3119941013 15952784199425149215311946    -14734 -181906  2156      0 79790          0    A
3119941013 15954529684425149221218991    -14734 -181905  2156      0 79790          0    A
3119941013 15958123337325149234566822    -14734 -181904  2156      0 79790          0    A
3119941013 2 0 3462474825149255584611    -14734 -181903  2156      0 79790          0    A
3119941013 2 0 6029377025149265454631    -14734 -181902  2156      0 79790          0    A
3119941013 2 0 6748100225149268214914    -14734 -181902  2156      0 79790          0    A
2119941013 2 016  3676  1838 100 100 4700 1200100 15028 8SS    -529                60    A
3119941013 2 030987365925149358452873    -14170 -181895  2076      0 79790          0    A
3119941013 2 034069521825149370152615    -14170 -181894  2076      0 79790          0    A
3119941013 2 034480478825149372046401    -14170 -181894  2076      0 79790          0    A
3119941013 2 038487283625149386989787    -14170 -181893  2076      0 79790          0    A
3119941013 2 038795504925149388256931    -14170 -181892  2076      0 79790          0    A
3119941013 2 041877655825149400695806    -14170 -181892  2076      0 79790          0    A
3119941013 2 044137906125149409928661    -14170 -181891  2076      0 79790          0    A
3119941013 2 048555665625149426394367    -14170 -181890  2076      0 79790          0    A
3119941013 2 055541893425149454117590    -14170 -181888  2076      0 79790          0    A
3119941013 2 057185717925149459895678    -14170 -181887  2076      0 79790          0    A
3119941013 2 057802142225149461702521    -14170 -181887  2076      0 79790          0    A
3119941013 2 058624052525149465844179    -14170 -181887  2076      0 79790          0    A
3119941013 2 058726792125149465473014    -14170 -181887  2076      0 79790          0    A
3119941013 2 1  884303225149473599788    -14170 -181886  2076      0 79790          0    A
3119941013 2 1  987040325149473947329    -14170 -181886  2076      0 79790          0    A
3119941013 2 1 4685630225149489318491    -14170 -181885  2076      0 79790          0    A
3119941013 2 1 5815755725149493157714    -14170 -181885  2076      0 79790          0    A
3119941013 2 1 8795176325149504431721    -14170 -181884  2076      0 79790          0    A
3119941013 2 110541730925149511629290    -14170 -181883  2076      0 79790          0    A
3119941013 2 113521150625149522723667    -14170 -181882  2076      0 79790          0    A
3119941013 2 114343062925149526083168    -14170 -181882  2076      0 79790          0    A
3119941013 2 115884140225149531949538    -14170 -181882  2076      0 79790          0    A
3119941013 2 123486798125149560986288    -14170 -181879  2076      0 79790          0    A
3119941013 2 127288127025149575458574    -14170 -181878  2076      0 79790          0    A
3119941013 2 130267542825149588414651    -14170 -181877  2076      0 79790          0    A
3119941013 2 135815430925149610048871    -14170 -181875  2076      0 79790          0    A
3119941013 2 138281156825149618765698    -14170 -181875  2076      0 79790          0    A
3119941013 2 138383900825149619045674    -14170 -181875  2076      0 79790          0    A
3119941013 2 143931780225149641141372    -14170 -181873  2076      0 79790          0    A
3119941013 2 144034520825149641683694    -14170 -181873  2076      0 79790          0    A
3119941013 2 144137258925149641213601    -14170 -181873  2076      0 79790          0    A
3119941013 2 144856427025149644197828    -14170 -181873  2076      0 79790          0    A
3119941013 2 145267383925149646444704    -14170 -181873  2076      0 79790          0    A
3119941013 2 147835850425149655796630    -14170 -181872  2076      0 79790          0    A
3119941013 2 149068712425149660903413    -14170 -181871  2076      0 79790          0    A
3119941013 2 153075516825149678007877    -14170 -181870  2076      0 79790          0    A
3119941013 2 158417924225149698731109    -14170 -181868  2076      0 79790          0    A
3119941013 2 158623405025149698988615    -14170 -181868  2076      0 79790          0    A
3119941013 2 2 2424733725149714934352    -14170 -181867  2076      0 79790          0    A
3119941013 2 2 7972618925149736946456    -14170 -181865  2076      0 79790          0    A
3119941013 2 213006808125149756265241    -14170 -181864  2076      0 79790          1    A
3119941013 2 215472535625149765390434    -14170 -181863  2076      0 79790          0    A
3119941013 2 217116356525149772098338    -14170 -181863  2076      0 79790          0    A
2119941013 2 316  3620  1810 100 100 4700 1200100 15028 8SS    -529                85    A
3119941013 2 321225247325150031978126    -14760 -181842  2007      0 79790          0    A
3119941013 2 330266247125150068624157    -14760 -181839  2007      0 79790          0    A
3119941013 2 346087997625150133612337    -14760 -181833  2007      0 79790          0    A
3119941013 2 349272891025150147358178    -14760 -181832  2007      0 79790          0    A
3119941013 2 349683842025150150032397    -14760 -181832  2007      0 79790          0    A
3119941013 2 352149569225150160186460    -14760 -181831  2007      0 79790          0    A
3119941013 2 357183763725150180775318    -14760 -181829  2007      0 79790          0    A
3119941013 2 358519367825150186235767    -14760 -181829  2007      0 79790          0    A
3119941013 2 4 1087829925150196339354    -14760 -181828  2007      0 79790          0    A
3119941013 2 4 3142611925150206188352    -14760 -181827  2007      0 79790          0    A
3119941013 2 4 3656293825150207139497    -14760 -181827  2007      0 79790          0    A
3119941013 2 4 7354885225150222705292    -14760 -181826  2007      0 79790          0    A
3119941013 2 413621941225150248736358    -14760 -181824  2007      0 79790          0    A
3119941013 2 414135643025150251453177    -14760 -181823  2007      0 79790          0    A
3119941013 2 419169827325150271931139    -14760 -181822  2007      0 79790          0    A
3119941013 2 422971153825150288760432    -14760 -181820  2007      0 79790          0    A
3119941013 2 423895809225150291887809    -14760 -181820  2007      0 79790          0    A
3119941013 2 424820449725150296413194    -14760 -181820  2007      0 79790          0    A
3119941013 2 442183283225150369096001    -14760 -181813  2007      0 79790          0    A
3119941013 2 442491492925150370687627    -14760 -181813  2007      0 79790          0    A
3119941013 2 443518878925150375374812    -14760 -181813  2007      0 79790          0    A
3119941013 2 446087343225150386725683    -14760 -181812  2007      0 79790          0    A
3119941013 2 448142117025150394925304    -14760 -181811  2007      0 79790          0    A
3119941013 2 449785934825150402266254    -14760 -181811  2007      0 79790          0    A
3119941013 2 452148921225150411422245    -14760 -181810  2007      0 79790          0    A
3119941013 2 458313238725150438263508    -14760 -181808  2007      0 79790          0    A
3119941013 2 5  676227025150448236938    -14760 -181807  2007      0 79790          0    A
3119941013 2 5 3963863725150462669965    -14760 -181806  2007      0 79790          0    A
2119941013 2 516  4040  2020 100 100 4700 1200100 15028 8SS    -529               100    A
3119941013 2 556668790125150690261290    -14961 -181786  2222      0 79790          0    A
3119941013 2 6   59171125150705667656    -14961 -181785  2222      0 79790          0    A
3119941013 2 6 1189290125150710840822    -14961 -181784  2222      0 79790          0    A
3119941013 2 6 3346799325150720265392    -14961 -181783  2222      0 79790          0    A
3119941013 2 6 4168718325150724456685    -14961 -181783  2222      0 79790          0    A
3119941013 2 6 4785139725150727182358    -14961 -181783  2222      0 79790          0    A
3119941013 2 618552116025150788316758    -14961 -181778  2222      0 79790          0    A
3119941013 2 619271285025150791279690    -14961 -181777  2222      0 79790          0    A
3119941013 2 621531533825150800867383    -14961 -181776  2222      0 79790          0    A
3119941013 2 624099998725150810958428    -14961 -181775  2222      0 79790          0    A
3119941013 2 630058840225150838596582    -14961 -181773  2222      0 79790          0    A
3119941013 2 630675272425150841978988    -14961 -181773  2222      0 79790          0    A
3119941013 2 634271125625150857509346    -14961 -181771  2222      0 79790          0    A
3119941013 2 634784817025150859155101    -14961 -181771  2222      0 79790          0    A
3119941013 2 635606722625150863757084    -14961 -181771  2222      0 79790          0    A
3119941013 2 637353281025150870768459    -14961 -181770  2222      0 79790          0    A
3119941013 2 638586143725150875940322    -14961 -181770  2222      0 79790          0    A
3119941013 2 638997097425150878662096    -14961 -181770  2222      0 79790          0    A
3119941013 2 642079256625150892231539    -14961 -181768  2222      0 79790          0    A
3119941013 2 646599756125150911211850    -14961 -181767  2222      0 79790          0    A
3119941013 2 646907971825150913518832    -14961 -181766  2222      0 79790          0    A
3119941013 2 648346310925150920378773    -14961 -181766  2222      0 79790          0    A
3119941013 2 649065484425150923088701    -14961 -181766  2222      0 79790          0    A
3119941013 2 650195607425150927697540    -14961 -181765  2222      0 79790          0    A
3119941013 2 651839424925150935931867    -14961 -181765  2222      0 79790          0    A
3119941013 2 652044909325150936111622    -14961 -181764  2222      0 79790          0    A
3119941013 2 654305155025150946053994    -14961 -181764  2222      0 79790          0    A
3119941013 2 654613369525150948481337    -14961 -181763  2222      0 79790          0    A
3119941013 2 656154447325150953875562    -14961 -181763  2222      0 79790          0    A
3119941013 2 657592787825150961168353    -14961 -181762  2222      0 79790          0    A
3119941013 2 658414696125150965722512    -14961 -181762  2222      0 79790          0    A
3119941013 2 7  880426425150976950544    -14961 -181761  2222      0 79790          0    A
3119941013 2 7 1291378225150978186460    -14961 -181761  2222      0 79790          0    A
3119941013 2 7 1496863125150977862561    -14961 -181761  2222      0 79790          0    A
3119941013 2 7 5195444525150996075140    -14961 -181759  2222      0 79790          0    A
3119941013 2 7 6325571625151000261299    -14961 -181759  2222      0 79790          0    A
3119941013 2 7 9099514425151012439155    -14961 -181758  2222      0 79790          0    A
3119941013 2 710846070525151020808567    -14961 -181757  2222      0 79790          0    A
3119941013 2 713928228625151034943972    -14961 -181756  2222      0 79790          0    A
3119941013 2 714955616725151039954050    -14961 -181755  2222      0 79790          0    A
3119941013 2 715263830025151040763212    -14961 -181755  2222      0 79790          0    A
3119941013 2 715777521325151042532837    -14961 -181755  2222      0 79790          0    A
3119941013 2 717318603025151049735203    -14961 -181754  2222      0 79790          0    A
3119941013 2 718551464725151056051509    -14961 -181754  2222      0 79790          0    A
3119941013 2 718654206225151055817031    -14961 -181754  2222      0 79790          0    A
3119941013 2 719887067425151061888546    -14961 -181753  2222      0 79790          0    A
3119941013 2 721325410325151067318356    -14961 -181753  2222      0 79790          0    A
3119941013 2 721941842025151070276626    -14961 -181752  2222      0 79790          0    A
3119941013 2 727181507925151095071063    -14961 -181750  2222      0 79790          0    A
3119941013 2 728106156025151099315000    -14961 -181750  2222      0 79790          0    A
3119941013 2 733345826225151122689368    -14961 -181748  2222      0 79790          0    A
3119941013 2 737558110225151141045229    -14961 -181746  2222      0 79790          0    A
3119941013 2 742900517425151166352522    -14961 -181744  2222      0 79790          0    A
3119941013 2 744749813125151173863742    -14961 -181743  2222      0 79790          0    A
2119941013 2 816  3952  1976 100 100 4700 1200100 15028 8SS    -529               105    A
3119941013 2 849783344025151475243660    -14667 -181716  2169      0 79790          0    A
3119941013 2 853379195225151492126806    -14667 -181714  2169      0 79790          0    A
3119941013 2 855331229725151502513709    -14667 -181713  2169      0 79790          0    A
3119941013 2 855536704325151503389855    -14667 -181713  2169      0 79790          0    A
3119941013 2 9 2728409025151536508601    -14667 -181710  2169      0 79790          0    A
3119941013 2 9 6016043025151552732130    -14667 -181709  2169      0 79790          0    A
3119941013 2 9 8687248625151564084323    -14667 -181708  2169      0 79790          0    A
3119941013 2 916084431025151599438844    -14667 -181704  2169      0 79790          0    A
3119941013 2 923481610425151634893058    -14667 -181701  2169      0 79790          0    A
3119941013 2 926358290725151648631743    -14667 -181700  2169      0 79790          0    A
3119941013 2 927385677825151653590171    -14667 -181700  2169      0 79790          0    A
3119941013 2 928926756725151660877889    -14667 -181699  2169      0 79790          0    A
3119941013 2 934680119725151687667370    -14667 -181696  2169      0 79790          0    A
3119941013 2 935707507425151693097315    -14667 -181696  2169      0 79790          0    A
3119941013 2 936529413625151695934186    -14667 -181695  2169      0 79790          0    A
3119941013 2 939919796325151712062584    -14667 -181694  2169      0 79790          0    A
3119941013 2 950604603025151764574408    -14667 -181689  2169      0 79790          0    A
3119941013 2 952453897425151773177419    -14667 -181688  2169      0 79790          0    A
3119941013 2 954508669925151781882704    -14667 -181688  2169      0 79790          0    A
3119941013 2 957077135025151795490954    -14667 -181686  2169      0 79790          0    A
3119941013 210   56556425151810121525    -14667 -181685  2169      0 79790          0    A
3119941013 210  775732825151813546265    -14667 -181685  2169      0 79790          0    A
3119941013 210 3755145125151826377752    -14667 -181683  2169      0 79790          0    A
3119941013 210 3857885525151827216531    -14667 -181683  2169      0 79790          0    A
3119941013 21011974233625151866710248    -14667 -181680  2169      0 79790          0    A
3119941013 21013309839425151873984982    -14667 -181679  2169      0 79790          0    A
3119941013 21021220712125151912403408    -14667 -181675  2169      0 79790          0    A
3119941013 21024302869625151925694200    -14667 -181674  2169      0 79790          0    A
3119941013 21030056235925151954596006    -14667 -181671  2169      0 79790          0    A
3119941013 21038994491425151997807411    -14667 -181667  2169      0 79790          0    A
3119941013 21039199974625151998513282    -14667 -181667  2169      0 79790          0    A
2119941013 14326  3952  1934 100 100 470024000100 15028 8SS    -529N                     A
4119941013 14343747865525146429378239    -14666-2501666  1330      0 79790 10  219871    A
1119941022 828 295 4964771112 5320  1  0  0     11 3                                      
2119941022 82815     0     0  60 100  140 1200 80 1304216W     -526                 1     
2119941022 82915 11913  5956  60 100  140 1200 80 1304216W     -526                 2     
3119941022 83027190687526569225109847    -21920 -124664 10169      0 79890          0     
3119941022 83041330480026569201422111    -21920 -124664 10169      0 79890          0     
3119941022 83113721640526569148561707    -21920 -124666 10169      0 79890          0     
3119941022 83123950423326569131702948    -21920 -124666 10169      0 79890          0     
3119941022 83134078930426569114579372    -21920 -124666 10169      0 79890          0     
3119941022 83139293606026569107332203    -21920 -124666 10169      0 79890          0     
3119941022 83145811950426569096081552    -21920 -124666 10169      0 79890          0     
2119941022 83215  1693   846  60 100  140 1200 80 1304216W     -526                 3     
3119941022 833 2327269926568982054715    -19659 -124667  1336      0 79910          0     
3119941022 83312455772626568967347965    -19659 -124667  1336      0 79910          0     
3119941022 83323085690326568952917418    -19659 -124667  1336      0 79910          0     
3119941022 83324389358626568951363427    -19659 -124667  1336      0 79910          0     
3119941022 83336423225126568935366357    -19659 -124667  1336      0 79910          0     
2119941022 83515     0     0  60 100  140 1200 80 1304216W     -526                 1     
3119941022 83543881945226568774214487    -16887 -124663     0      0 79890          0     
3119941022 83648864823026568703487758    -16887 -124659     0      0 79890          0     
3119941022 837 4809703126568685886051    -16887 -124658     0      0 79890          0     
3119941022 83720554005326568671623705    -16887 -124657     0      0 79890          0     
2119941022 83815     0     0  60 100  140 1200 80 1304216W     -526                 1     
3119941022 839 2440733626568578973304    -43282 -124648     0      0 79910          0     
3119941022 83934531043326568554247000    -43282 -124645     0      0 79910          0     
3119941022 83959300758526568536074855    -43282 -124642     0      0 79910          0     
3119941022 84012337447926568527118478    -43282 -124640     0      0 79910          0     
2119941022 84415     0     0  60 100  140 1200 80 1304216W     -526                 1     
3119941022 84423544417726568412077626    -33221 -124600     0      0 79910          0     
3119941022 84428057114926568409665026    -33221 -124599     0      0 79910          0     
3119941022 84442397472526568407391747    -33221 -124597     0      0 79910          0     
3119941022 84527524471626568399705719    -33221 -124587     0      0 79910          0     
2119941022 84615 25273 12636  60 100  140 1200 80 1304216W     -526                 2     
3119941022 847 8107555826568394906946    -27665 -124565 21572      0 79890          0     
3119941022 84723952146026568395929833    -27665 -124561 21572      0 79890          0     
3119941022 84730069362826568396445590    -27665 -124559 21572      0 79890          0     
3119941022 84745111695026568398093975    -27665 -124555 21572      0 79890          0     
3119941022 84817603140226568401275605    -27665 -124547 21572      0 79890          0     
2119941022 84915  5154  2577  60 100  140 1200 80 1304216W     -526                 3     
3119941022 84936926360626568418970098    -12758 -124526  4065      0 79890          0     
3119941022 850  191846626568427353800    -12758 -124519  4065      0 79890          0     
3119941022 85022755344726568434684866    -12758 -124512  4065      0 79890          0     
3119941022 85022855620826568435052671    -12758 -124512  4065      0 79890          0     
2119941022 85215     0     0  60 100  140 1200 80 1304216W     -526                 1     
3119941022 85248665997226568508290782    -34505 -124466     0      0 79890          0     
3119941022 853 3106630126568517842721    -34505 -124461     0      0 79890          0     
3119941022 853 4711147126568519435974    -34505 -124461     0      0 79890          0     
3119941022 85327475208126568534591050    -34505 -124453     0      0 79890          0     
3119941022 85344924317226568546990373    -34505 -124447     0      0 79890          0     
3119941022 85351141819626568552027282    -34505 -124444     0      0 79890          0     
2119941022 85415     0     0  60 100  140 1200 80 1304216W     -526                 1     
3119941022 855 5751768726568612973011    -27332 -124417     0      0 79890          0     
3119941022 85515679710526568621068719    -27332 -124413     0      0 79890          0     
3119941022 85524905673126568629543494    -27332 -124410     0      0 79890          0     
3119941022 85629086297626568690136133    -27332 -124385     0      0 79890          0     
3119941022 85644028355826568706741188    -27332 -124379     0      0 79890          0     
2119941022 85715   613   306  60 100  140 1200 80 1304216W     -526                 2     
3119941022 85747707562426568775228492    -12813 -124353   524      0 79890          0     
3119941022 85754627033226568784370869    -12813 -124350   524      0 79890          0     
3119941022 85827519605926568823019974    -12813 -124336   524      0 79890          0     
3119941022 85841759679526568840684431    -12813 -124329   524      0 79890          0     
3119941022 85854294956626568856297638    -12813 -124324   524      0 79890          0     
3119941022 859 7532210126568874068585    -12813 -124318   524      0 79890          0     
2119941022 9 015     0     0  60 100  140 1200 80 1304216W     -526                 1     
3119941022 9 032471274426568988575580    -31703 -124279     0      0 79890          0     
3119941022 9 035279176426568993587968    -31703 -124278     0      0 79890          0     
3119941022 9 040694413126569001953013    -31703 -124275     0      0 79890          0     
3119941022 9 054232515626569021409544    -31703 -124269     0      0 79890          0     
3119941022 9 1 2455657026569033914346    -31703 -124265     0      0 79890          0     
3119941022 9 143972498326569096880953    -31703 -124245     0      0 79890          0     
1119941023 856 296 4964871112 5320  1  0  0     11 3D                                    A
2119941023 85615     0     0  60 120  150 1200 80 13738 8SW    -525                 1    A
3119941023 85639636708026524751161371    -20753 -122178     0      0 80040          0    A
3119941023 85659857458026524659765245    -20753 -122187     0      0 80040          0    A
3119941023 857 4362080226524638193768    -20753 -122189     0      0 80040          0    A
2119941023 85815 19007  9503  60 120  150 1200 80 13738 8SW    -525                 2    A
3119941023 85922503848526524030126816    -40201 -122243 16224      0 80040          0    A
3119941023 85932514120326523985649264    -40201 -122247 16224      0 80040          0    A
3119941023 85933915558826523979588137    -40201 -122248 16224      0 80040          0    A
3119941023 85934015663026523980625622    -40201 -122248 16224      0 80040          0    A
3119941023 85946628605726523927086801    -40201 -122252 16224      0 80040          0    A
3119941023 85953535694826523896258971    -40201 -122255 16224      0 80040          0    A
3119941023 9 036179449826523717581840    -40201 -122270 16224      0 80040          0    A
3119941023 9 055999797126523635424713    -40201 -122277 16224      0 80040          0    A
2119941023 9 415 18404  9202  60 120  150 1200 80 13738 8SW    -525                 2    A
3119941023 9 5 4454740326522660387645    -21278 -122355 15709      0 80040          0    A
3119941023 9 531882885726522559677424    -21278 -122363 15709      0 80040          0    A
3119941023 9 615427567726522402220608    -21278 -122375 15709      0 80040          0    A
3119941023 9 621633934026522380194212    -21278 -122376 15709      0 80040          0    A
3119941023 9 627640100626522358389714    -21278 -122378 15709      0 80040          0    A
3119941023 9 629241750626522352883858    -21278 -122378 15709      0 80040          0    A
2119941023 9 715 18386  9193  60 120  150 1200 80 13738 8SW    -525                 2    A
3119941023 9 742316743826522096127075    -37756 -122396 15694      0 80040          0    A
3119941023 9 751626297226522064246414    -37756 -122398 15694      0 80040          0    A
3119941023 9 752727423926522060803478    -37756 -122399 15694      0 80040          0    A
3119941023 9 8 5640678926522017074989    -37756 -122401 15694      0 80040          0    A
3119941023 9 816551875726521980671286    -37756 -122404 15694      0 80040          0    A
3119941023 9 845181251626521883157128    -37756 -122410 15694      0 80040          0    A
3119941023 9 9 1998509426521828993002    -37756 -122414 15694      0 80040          0    A
2119941023 9 915 14638  7319  60 120  150 1200 80 13738 8SW    -525                 3    A
3119941023 91019478013926521577434216    -33199 -122430 11545      0 80060          1    A
3119941023 91021279865726521571479854    -33199 -122430 11545      0 80060          0    A
3119941023 91035794759226521525970374    -33199 -122433 11545      0 80060          0    A
3119941023 91038797838826521515983810    -33199 -122433 11545      0 80060          0    A
3119941023 91046405653826521492726135    -33199 -122435 11545      0 80060          1    A
3119941023 91127247558326521366740894    -33199 -122442 11545      0 80060          0    A
3119941023 91133754233926521346054429    -33199 -122443 11545      0 80060          0    A
3119941023 91134655159926521343180324    -33199 -122443 11545      0 80060          0    A
2119941023 91215  2611  1305  60 120  150 1200 80 13738 8SW    -525                 6    A
3119941023 91234816894026521163540846    -18168 -122453  1839      0 80040          0    A
3119941023 91320063324926521032312087    -18168 -122460  1839      0 80040          0    A
3119941023 91321564868526521028308020    -18168 -122460  1839      0 80040          0    A
3119941023 91345789721426520959304370    -18168 -122463  1839      0 80040          0    A
3119941023 914 4609033426520908101409    -18168 -122466  1839      0 80040          0    A
2119941023 91515 10075  5037  60 120  150 1200 80 13738 8SW    -525                 3    A
3119941023 91534000771826520666091631    -44139 -122476  7946      0 80040          0    A
3119941023 91633661985926520512869427    -44139 -122481  7946      0 80040          0    A
3119941023 91644172771926520485975782    -44139 -122482  7946      0 80040          0    A
3119941023 91653882734726520461292381    -44139 -122483  7946      0 80040          1    A
3119941023 91713502871626520413041446    -44139 -122485  7946      0 80040          0    A
3119941023 91714603998026520410307541    -44139 -122485  7946      0 80040          0    A
2119941023 91715     0     0  60 120  150 1200 80 13738 8SW    -525                 1    A
3119941023 91750440772226520322919326    -37661 -122487     0      0 80040          0    A
3119941023 91815466452926520262835865    -37661 -122489     0      0 80040          0    A
3119941023 91847499322426520189959434    -37661 -122491     0      0 80040          0    A
2119941023 91915     0     0  60 120  150 1200 80 13738 8SW    -525                 1    A
3119941023 920 9683655126520007214177    -15491 -122494     0      0 80040          0    A
3119941023 92010684683226520005083603    -15491 -122494     0      0 80040          0    A
3119941023 92115851555726519867960898    -15491 -122495     0      0 80040          1    A
3119941023 92138574871326519822665905    -15491 -122495     0      0 80040          0    A
2119941023 92415     0     0  60 120  150 1200 80 13738 8SW    -525                 1    A
3119941023 92423243843526519515825627    -10299 -122491     0      0 80040          0    A
3119941023 92453274650526519464560545    -10299 -122489     0      0 80040          0    A
3119941023 92512394273426519433840102    -10299 -122488     0      0 80040          0    A
3119941023 92552335266126519369715195    -10299 -122486     0      0 80040          0    A
3119941023 92552635566326519368847409    -10299 -122486     0      0 80040          0    A
3119941023 926 3947172826519352766704    -10299 -122485     0      0 80040          0    A
3119941023 926 4848099326519350023356    -10299 -122485     0      0 80040          0    A
2119941023 92615 19007  9503  60 120  150 1200 80 13738 8SW    -525                 2    A
3119941023 92720625872826519237956679     25872 -122478 16224      0 80040          0    A
3119941023 92733639223126519219815121     25872 -122477 16224      0 80040          0    A
3119941023 92753859976726519192921378     25872 -122475 16224      0 80040          0    A
3119941023 928  967264226519182288597     25872 -122474 16224      0 80040          0    A
3119941023 928 5371780926519177220029     25872 -122474 16224      0 80040          0    A
3119941023 92814981649726519165197259     25872 -122473 16224      0 80040          0    A
3119941023 92826593563426519149101116     25872 -122471 16224      0 80040          0    A
3119941023 92840007324126519132772243     25872 -122470 16224      0 80040          0    A
2119941023 93215     0     0  60 120  150 1200 80 13738 8SW    -525                 1    A
3119941023 933 4078301326518856095122     15963 -122429     0      0 80040          0    A
3119941023 93330405319226518835111605     15963 -122424     0      0 80040          1    A
3119941023 93330905832126518834308412     15963 -122424     0      0 80040          0    A
3119941023 93342918164226518826246866     15963 -122421     0      0 80040          0    A
3119941023 93417854006426518800339210     15963 -122414     0      0 80040          0    A
3119941023 93419355549326518799045850     15963 -122414     0      0 80040          0    A
2119941023 93415     0     0  60 120  150 1200 80 13738 8SW    -525                 1    A
3119941023 93512910492226518764548885     24546 -122402     0      0 80040          0    A
3119941023 93516313985226518763508308     24546 -122401     0      0 80040          0    A
3119941023 93529527544326518755361118     24546 -122398     0      0 80040          0    A
3119941023 93544242645526518746491540     24546 -122394     0      0 80040          0    A
3119941023 93553752405826518742361979     24546 -122392     0      0 80040          0    A
3119941023 936 4763704026518735421224     24546 -122389     0      0 80040          0    A
3119941023 93628688252226518723903857     24546 -122384     0      0 80040          0    A
3119941023 93631491130026518723244966     24546 -122383     0      0 80040          0    A
3119941023 93632592260126518723258420     24546 -122383     0      0 80040          0    A
3119941023 93637297100326518720774597     24546 -122381     0      0 80040          0    A
1119941024 832 297 4964971112 5320  0  0  0     11 3                                      
2119941024 83215     0     0  60 100  150 1200 80 15638 8WW    -527                 1     
3119941024 83328587060526449250885616      2677 -117462     0      0 80110          0     
3119941024 83344451797126449055535608      2677 -117487     0      0 80110          0     
3119941024 83410478253426448736418001      2677 -117528     0      0 80110          0     
3119941024 83410789329726448731775911      2677 -117529     0      0 80110          0     
3119941024 83428624195826448513104163      2677 -117557     0      0 80110          0     
2119941024 83515     0     0  60 100  150 1200 80 15638 8WW    -527                 1     
3119941024 83543385458026447602812954     -1427 -117675     0      0 80110          0     
3119941024 836 5367963726447337589895     -1427 -117709     0      0 80110          0     
3119941024 83631705498726447019262621     -1427 -117750     0      0 80110          0     
2119941024 83715     0     0  60 100  150 1200 80 15638 8WW    -527                 1     
3119941024 83755798984726446010778523    -12780 -117879     0      0 80110          0     
3119941024 83849096189226445378419615    -12780 -117961     0      0 80110          0     
3119941024 83857702546226445276330461    -12780 -117974     0      0 80110          0     
2119941024 84015 15460  7730  60 100  150 1200 80 15638 8WW    -527                 2     
3119941024 84055288225626443895962664    -40565 -118150 13196      0 80110          0     
3119941024 84230061869526442799673189    -40565 -118289 13196      0 80110          0     
3119941024 84230372946426442797375691    -40565 -118289 13196      0 80110          0     
2119941024 84315     0     0  60 100  150 1200 80 15638 8WW    -527                 1     
3119941024 844 7738862626441685883573    -19743 -118430     0      0 80110          0     
3119941024 844 9397914026441667078932    -19743 -118433     0      0 80110          0     
3119941024 84444341810526441271509046    -19743 -118482     0      0 80110          0     
3119941024 84517522952826440899417120    -19743 -118529     0      0 80110          0     
3119941024 84533076615326440724780423    -19743 -118551     0      0 80110          0     
111994102410 5 297 4964971112 5320  0  0  0     11 3                                      
211994102410 515     0     0  60 100  150 1200 80 15938 8WW    -524                 1     
311994102410 617715333826405731385185    -41052 -122197     0      0 80090          0     
2119941024101315     0     0  60 100  150 1200 80 15938 8WW    -524                 1     
3119941024101345004177226404502150858    -38466 -122205     0      0 80090          0     
3119941024101347903952526404495005835    -38466 -122205     0      0 80090          0     
3119941024101358363821326404471051073    -38466 -122204     0      0 80090          0     
3119941024101411412760426404439603865    -38466 -122204     0      0 80090          0     
3119941024101420940558226404418390416    -38466 -122203     0      0 80090          0     
3119941024101439064092326404376925321    -38466 -122202     0      0 80090          0     
3119941024101519867942726404285287132    -38466 -122199     0      0 80090          0     
3119941024101527635172126404269186619    -38466 -122199     0      0 80090          0     
2119941024101815     0     0  60 100  150 1200 80 15938 8WW    -524                 1     
3119941024101923344714826403801435067    -16564 -122174     0      0 80060          0     
3119941024101926865857426403796065655    -16564 -122173     0      0 80060          0     
31199410241020 7359017326403724527588    -16564 -122167     0      0 80060          0     
3119941024102016783255226403707857738    -16564 -122166     0      0 80060          0     
3119941024102018958081526403704985124    -16564 -122165     0      0 80060          0     
3119941024102021961408426403699408071    -16564 -122165     0      0 80060          0     
3119941024102024032667826403696456799    -16564 -122165     0      0 80060          0     
2119941024102115     0     0  60 100  150 1200 80 15938 8WW    -524                 1     
3119941024102230483154226403498486301    -41223 -122142     0      0 80090          0     
3119941024102236593376726403488921947    -41223 -122141     0      0 80090          0     
3119941024102241357286526403481891325    -41223 -122140     0      0 80090          0     
3119941024102248917386226403471247321    -41223 -122139     0      0 80090          0     
3119941024102323403877526403424200609    -41223 -122132     0      0 80090          0     
2119941024102415     0     0  60 100  150 1200 80 15938 8WW    -524                 1     
3119941024102459096145326403300581716     19915 -122111     0      0 80090          0     
3119941024102526229675626403269864763     19915 -122104     0      0 80090          0     
3119941024102537414488726403255606502     19915 -122101     0      0 80090          0     
3119941024102542281942126403250377584     19915 -122100     0      0 80090          0     
3119941024102543835387826403248636253     19915 -122100     0      0 80090          0     
2119941024102615     0     0  60 100  150 1200 80 15938 8WW    -524                 1     
3119941024102729780399326403139942239    -46990 -122072     0      0 80090          0     
3119941024102734440745726403134576308    -46990 -122071     0      0 80090          0     
3119941024102826429400026403089653607    -46990 -122056     0      0 80090          0     
3119941024102833885938726403082944985    -46990 -122054     0      0 80090          0     
3119941024102847970511926403071498833    -46990 -122050     0      0 80090          0     
2119941024103315     0     0  60 100  150 1200 80 15938 8WW    -527                 1     
3119941024103354889827926402905180173     -7695 -121945     0      0 80090          0     
31199410241034 2139242426402902156558     -7695 -121942     0      0 80090          0     
2119941024104015     0     0  60 100  150 1200 80 15938 8WW    -527                 1     
3119941024104137091773026402959432172    -16696 -121737     0      0 80090          0     
31199410241042 4328857826402972626804    -16696 -121723     0      0 80090          0     
3119941024104222970209026402983255039    -16696 -121714     0      0 80090          0     
3119941024104228355486826402987545810    -16696 -121711     0      0 80090          0     
2119941024104915     0     0  60 100  150 1200 80 15938 8WW    -527                 1     
3119941024104917533131726403378019254      2725 -121472     0      0 80090          0     
3119941024104938556440826403404637444      2725 -121458     0      0 80090          0     
3119941024104950776872226403422295890      2725 -121450     0      0 80090          0     
3119941024104953676638326403424807270      2725 -121448     0      0 80090          0     
31199410241050 2583064026403438470538      2725 -121442     0      0 80090          0     
3119941024105027852457526403472430255      2725 -121426     0      0 80090          0     
3119941024105056435853526403515219302      2725 -121407     0      0 80090          0     
2119941024105115     0     0  60 100  150 1200 80 15938 8WW    -527                 1     
111994102410523197 4964971112 5320  0  0  0     11 3               F                      
2119941024105231     0     0  60 100  150 1200 80 15938 8WW    -527F                1     
3119941024105231299632026403661308740     -7627 -121342     0      0 80090          0     
3119941024105246730530926403686829588     -7627 -121331     0      0 80090          0     
3119941024105252012247026403695127092     -7627 -121328     0      0 80090          0     
31199410241053 1229357426403712055301     -7627 -121321     0      0 80090          0     
3119941024105316246004726403736979130     -7627 -121311     0      0 80090          0     
3119941024105338719187926403776256778     -7627 -121295     0      0 80090          0     
1119941025 736 298 4965071112 5320  0  0  0     11 3                                      
2119941025 73616     0     0  60 120  150 1200120  977016EE    -527                 1     
3119941025 73732155286026378154490795    -15687 -104145     0      0 80040          0     
3119941025 73742595820726377929729217    -15687 -104177     0      0 80040          0     
3119941025 738  582485226377543662237    -15687 -104231     0      0 80040          0     
2119941025 73816     0     0  60 120  150 1200120  977016EE    -527                 1     
3119941025 739 6430152026376133861850     -5261 -104430     0      0 80040          0     
3119941025 73915526863026375938152029     -5261 -104458     0      0 80040          0     
3119941025 73921005552226375822185288     -5261 -104474     0      0 80040          0     
3119941025 73923589842326375765155821     -5261 -104482     0      0 80040          0     
3119941025 73928241564226375667382840     -5261 -104496     0      0 80040          0     
3119941025 73932376430826375578062164     -5261 -104509     0      0 80040          0     
3119941025 74013518341326374699588855     -5261 -104632     0      0 80040          0     
3119941025 74026026309326374433557650     -5261 -104670     0      0 80040          0     
3119941025 74038637646526374165382681     -5261 -104708     0      0 80040          0     
3119941025 74052179333726373877289486     -5261 -104748     0      0 80040          0     
2119941025 74116 10459  5229  60 120  150 1200120  977016EE    -527                 2     
3119941025 74155339417726372534799250    -19998 -104937  8928      0 80040          0     
3119941025 742 5676576926372315105201    -19998 -104968  8928      0 80040          0     
3119941025 742 8157502926372262094713    -19998 -104975  8928      0 80040          0     
3119941025 74224180096226371922487029    -19998 -105023  8928      0 80040          0     
3119941025 74225834043626371887856015    -19998 -105028  8928      0 80040          0     
3119941025 743 1807371626371126979130    -19998 -105135  8928      0 80040          0     
3119941025 743 7906301826370998413906    -19998 -105153  8928      0 80040          0     
3119941025 74335816641226370409354386    -19998 -105236  8928      0 80040          0     
3119941025 74339124532726370338547713    -19998 -105246  8928      0 80040          0     
2119941025 74416     0     0  60 120  150 1200120  977016EE    -527                 1     
3119941025 74512985958626368362357592    -49294 -105523     0      0 80040          0     
3119941025 74550716605926367572518077    -49294 -105634     0      0 80040          0     
3119941025 74618937061526366981074855    -49294 -105717     0      0 80040          0     
3119941025 74631651771326366715421355    -49294 -105754     0      0 80040          0     
3119941025 74641988940426366498041011    -49294 -105785     0      0 80040          0     
3119941025 74644779967026366439675080    -49294 -105793     0      0 80040          0     
2119941025 74716 15460  7730  60 120  150 1200120  977016EE    -527                 2     
3119941025 74744723520526365190444553    -41934 -105968 13196      0 80060          0     
3119941025 74757120478626364930925455    -41934 -106004 13196      0 80060          0     
3119941025 748 4455344326364778590889    -41934 -106026 13196      0 80060          0     
2119941025 74916     0     0  60 120  150 1200120  977016EE    -527                 1     
3119941025 74923176022126363145698426    -16156 -106254     0      0 80060          0     
3119941025 750 5945524626362260276760    -16156 -106378     0      0 80060          0     
3119941025 75014106857126362090420928    -16156 -106402     0      0 80060          0     
3119941025 75057186283626361201469080    -16156 -106526     0      0 80060          0     
3119941025 751 7413773326360991765397    -16156 -106555     0      0 80060          0     
2119941025 75716     0     0  60 120  150 1200120  977016EE    -527                 1     
3119941025 75740500642126352983814277     26350 -107671     0      0 80060          0     
3119941025 75748455356526352822334547     26350 -107694     0      0 80060          0     
3119941025 75819757674326352192386943     26350 -107781     0      0 80060          0     
3119941025 75820687453226352174413790     26350 -107784     0      0 80060          0     
3119941025 75851886455826351548465265     26350 -107871     0      0 80060          0     
3119941025 75913271209726351119941352     26350 -107930     0      0 80060          0     
2119941025 8 016     0     0  60 120  150 1200120  977016EE    -527                 1     
3119941025 8 059145980926349004407813    -44520 -108224     0      0 80060          0     
3119941025 8 1 2759534326348932243368    -44520 -108234     0      0 80060          0     
3119941025 8 111122333526348766821861    -44520 -108257     0      0 80060          0     
3119941025 8 113806686626348712442074    -44520 -108264     0      0 80060          0     
3119941025 8 133939344926348311878333    -44520 -108320     0      0 80060          0     
3119941025 8 2 9455427626347607137580    -44520 -108417     0      0 80060          0     
3119941025 8 2 9971642526347597931725    -44520 -108419     0      0 80060          0     
2119941025 8 316     0     0  60 120  150 1200120  977016EE    -527                 2     
3119941025 8 327508206626346063992717    -29617 -108631     0      0 80060          0     
3119941025 8 345885708326345702744394    -29617 -108681     0      0 80060          0     
3119941025 8 4 3127523326345362168805    -29617 -108728     0      0 80060          0     
3119941025 8 4 8909209526345247765842    -29617 -108744     0      0 80060          0     
3119941025 8 444735023026344544454180    -29617 -108841     0      0 80060          0     
3119941025 8 444941508126344540151443    -29617 -108841     0      0 80060          0     
3119941025 8 457743817626344289199603    -29617 -108876     0      0 80060          0     
2119941025 8 516     0     0  60 120  150 1200120  977016EE    -527                 1     
3119941025 8 635413010826342377174933      7442 -109140     0      0 80060          0     
3119941025 8 647182873026342148146345      7442 -109172     0      0 80060          0     
3119941025 8 7  914377126341881238821      7442 -109208     0      0 80060          0     
3119941025 8 7 7212286526341757311342      7442 -109225     0      0 80060          0     
3119941025 8 727448190526341365311928      7442 -109280     0      0 80060          0     
3119941025 8 729100100126341333235616      7442 -109284     0      0 80060          0     
2119941025 8 816     0     0  60 120  150 1200120  977016EE    -527                 1     
3119941025 8 848804795026339786845786    -16711 -109497     0      0 80060          0     
3119941025 8 851592391426339733050052    -16711 -109504     0      0 80060          0     
3119941025 8 854276747526339680442671    -16711 -109511     0      0 80060          0     
3119941025 8 9  987634626339550749766    -16711 -109529     0      0 80060          0     
3119941025 8 930102555826338990424003    -16711 -109607     0      0 80060          0     
3119941025 8 935677756126338881701215    -16711 -109621     0      0 80060          0     
3119941025 81015943071526338106305666    -16711 -109728     0      0 80060          0     
2119941025 81016     0     0  60 120  150 1200120  977016EE    -527                 1     
3119941025 81046813134226337512648374    -17404 -109809     0      0 80060          0     
3119941025 81058582996226337287105494    -17404 -109841     0      0 80060          0     
3119941025 81140706713926336480491833    -17404 -109951     0      0 80060          0     
3119941025 812 5795113026336001355569    -17404 -110017     0      0 80060          0     
3119941025 81212299502926335877597044    -17404 -110034     0      0 80060          0     
3119941025 81216842257126335790417271    -17404 -110046     0      0 80060          0     
3119941025 81220868787426335713041714    -17404 -110057     0      0 80060          0     
11199410291129 302 4965471112 5320  0  1  0     11 3A                                    A
2119941029112916  4255  2127 100 120 3700 1200 80 1574032NW    -524                94    A
31199410291130 2818027524977417972584    -10021 -133061  2347      0 79740          1    A
3119941029113143624018124975221622141    -10021 -133337  2347      0 79740          1    A
2119941029113416  5905  2952 100 120 3700 1200 80 1574032NW    -524               113    A
3119941029113537479501024970179421810     -9566 -133967  3230      0 79710          1    A
2119941029113916  5117  2558 100 120 3700 1200 80 1574032NW    -524               118    A
2119941029114416  5680  2840 100 120 3700 1200 80 1574032NW    -524                73    A
2119941029114816  5871  2935 100 120 3700 1200 80 1574032NW    -525                93    A
3119941029114854966691324953555437572     -9367 -136019  3240      0 79740          0    A
3119941029114942683567124952589326074     -9367 -136137  3240      0 79740          1    A
2119941029115116  5228  2614 100 120 3700 1200 80 1574032NW    -525                69    A
3119941029115246429215824948899480448     -9727 -136587  2929      0 79740          0    A
2119941029115416  5415  2707 100 120 3700 1200 80 1574032NW    -525                57    A
2119941029115616  7021  3510 100 120 3700 1200 80 1574032NW    -525                63    A
3119941029115625784437124944559911006     -9104 -137112  3953      0 79740          1    A
3119941029115627615782024944523979139     -9104 -137117  3953      0 79740          0    A
