99999                                                                
0000103993067845780153200016426300003001502764103561001
081380805237526362292940000035608816281507800100224100
99999
0000103993067845780153200016424900003001482764102681601              
087808286295525323754679000026808816281307800410228000               
99999                                                                
0000103993067845780153200016427500003001502764103691541              
094537986512524260636609000036908813281207800260224500               
99999                                                                
0000103993067845780153200016429600003001672764104111531              
108505578731522145954282000041108812281207800190222300               
99999                                                                
0000103993067845780153200016430700003001622764102911471              
116947245958520936638455000029108812281107800520228600               
99999                                                                
0000103993067845780153200016432400003001842764102841521              
121338044594520330406574000028408812281507800540229900               
99999                                                                
0000103993067845780153200016431000003001622764102531391              
166830779395515151591829000025308810281307801230229900               
99999                                                                
0000100993067845780153200016430500003001792764103361501              
173080348074513697444634000033608810281407800240223400               
99999                                                                
0000103993067845780153200016428500003001742764102761581              
180172307325514076217272000027608810281107801070229900               
99999                                                                
0000102993067845780153200016430600003001692764102441501              
187560236003513215236580000024408807280807800350223600               
99999                                                                
0000103993067845780153200016431400003001902764103131411              
193954777644513205591489000031308808280707800870229900               
99999                                                                
0000100993067845780153200016430700003001772764103261491              
201452797621511923673837000032608807281207800290224900               
99999                                                                
0000103993187845780153200016426100003001482764103001441              
621418968742640970664848000030008660276105200270225400               
99999                                                                
0000103993187845780153200016423400003001332764103061441              
633974197254641330043807000030608661275805400380226400               
99999                                                                
0000100993187845780153200016423600003001192764103561521              
640689344618641801791763000035608661275805300250222500               
99999                                                                
0000103993237845780153200016424500003001442764103861521              
702344613251440190018052000038608571270002900800220800               
99999
0000103993237845780153200016426800003001462764103911001
710534725488439457583586000039108571270302500870221100
99999                                                                
0000103993237845780153200016427000003001532764103781511              
717884806413438887372920000037808572270402400590220400               
99999                                                                
0000103993237845780153200016429000003001592764104091541              
734951312429437883964358000040908573270802100680220700               
99999                                                                
0000103993237845780153200016430000003001592764104061431              
792995741162437793531220000040608578269102700610220700               
99999                                                                
0000103993237845780153200016434400003001822764104451501              
823404111652439667757258000044508582269902000740221200               
99999                                                                
0000100993237845780153200016435100003001812764103961491              
837224933900441728416129000039608586271202000510220400               
99999                                                                
0000103993237845780153200016437000003001992764104261561              
844947178802441692381016000042608585271302000760221100               
99999                                                                
0000103993237845780153200016435400003001762764104421511              
863226965214443803201955000044208585271502000370221000               
99999                                                                
0000103993247845780153200016437100003001862764104061521              
013235320799445631518735000040608586271602000530220600               
99999                                                                
0000103993297845780153200016431900003001942764103141561              
768025662474376858365854000031408842274305600890221600               
99999                                                                
0000103993297845780153200016431900003001882764103991721              
775396038129375680357028000039908841274605400590220600               
99999                                                                
0000103993297845780153200016432200003001872764103961621              
794627908824372760022124000039608842274705101010221400               
99999                                                                
0000103993297845780153200016432900003002022764102961561              
801056401310371841394366000029608842274405101790223600               
99999                                                                
0000103993297845780153200016430700003002002764103091451              
822413099974369035587572000030908842274305401540223100               
99999                                                                
0000103993297845780153200016430900003001992764103091641              
839355771654367116418301000030908841274805402250224300               
99999                                                                
0000100993297845780153200016432100003001962764103131471              
846408195698366109351388000031308841275005401230223200               
99999                                                                
0000103993297845780153200016430700003001832764103411511              
855654275493365561286986000034108841275005401840223400               
99999                                                                
0000102993297845780153200016432800003001942764103531581              
861751504616365061277321000035308842275205501040221200               
99999                                                                
0000103993307845780153200016426800003001772764102471571              
010894753774364129552115000024708842274905502120224600               
99999                                                                
0000100993307845780153200016432100003001932764102851441              
017343036215363455373827000028508842274405600850222300               
99999                                                                
0000102993307845780153200016430100003001862764103551441              
025446887232363349673325000035508842274305800970220900               
99999                                                                
0000103993307845780153200016430400003002022764103221311              
032348793872363091153838000032208842274205901550222800               
99999                                                                
0000103993307845780153200016431900003001952764103091531              
045879439332362755812734000030908842274505601620223300               
99999                                                                
0000100993307845780153200016431100003002012764102811291              
052634187957362387090128000028108842274705300970222600               
99999                                                                
0000103993307845780153200016431900003001992764102951611              
067377478150362750571155000029508842273504602850226600               
99999                                                                
0000103993307845780153200016432600003002082764103181461              
088366974051363381547107000031808842273504001600223200               
99999                                                                
0000103993307845780153200016434700003002032764103461451              
100435794888364029486713000034608842272504401810223500               
99999                                                                
0000100993307845780153200016436400003002122764103891481              
107109810825364186075380000038908842272604500660221500               
99999                                                                
0000102993307845780153200016435300003002152764103571461              
115121230903365053627858000035708842273104300670220400               
99999                                                                
0000103993307845780153200016437600003002242764103281501              
128826561469366359083946000032808840273904201640223200               
99999                                                                
0000100993307845780153200016438100003002252764103421401              
135195571534366746247600000034208838274004300800222100               
99999                                                                
0000102993307845780153200016436500003002202764104331401              
141629505504367718420081000043308837273804300710220500               
99999                                                                
0000103993307845780153200016438300003002302764102791501              
148521423869368613210280000027908838273503901800224100               
99999                                                                
0000103993307845780153200016436000003002162764103381451              
155439299112369522512282000033808838273503901610223100               
99999
0000100993307845780153200016436600003002232764103321001
162375969318370210453442000033208837273304000520221100
99999                                                                
0000100993307845780153200016437700003002342764103131431              
168733672324371150900625000031308837274203500510221300               
99999                                                                
0000103993307845780153200016436500003002192764103101431              
176477981841372639751430000031008836274303401670223600               
99999                                                                
0000100993307845780153200016435200003002092764103151401              
183349447572373486032627000031508836274103300710221900               
99999                                                                
0000103993307845780153200016432200003002222764103221331              
197532991893376245777894000032208836274103501020222200               
99999                                                                
0000103993307845780153200016428700003001972764103001501              
203933825654377428823182000030008836273603800960221900               
99999                                                                
0000103993307845780153200016432800003001862764103541531              
799025757525407448750325000035408842274303601190221100               
99999                                                                
0000102993307845780153200016431600003001832764103711451              
813643589673405206815825000037108840274103700740220700               
99999                                                                
0000100993307845780153200016433300003001832764103851471              
819948702482403766265395000038508840274303700530221900               
99999                                                                
0000103993307845780153200016432500003001992764102921551              
830108530654402888535055000029208840274403802120225700               
99999                                                                
0000102993307845780153200016432400003001742764103931481              
836937971345401933513791000039308840274603800800220800               
99999                                                                
0000103993307845780153200016435600003001952764102831551              
853188050343399936541601000028308840273603801860224000               
99999                                                                
0000103993317845780153200016432700003001782764103031481              
005518492658398134767431000030308828273303601830224500               
99999                                                                
0000100993317845780153200016431700003001852764102811471              
012289756878396911217692000028108828273103501550226400               
99999                                                                
0000102993317845780153200016433900003001882764103561591              
019426912009396760093177000035608828272803600990221200               
99999                                                                
0000103993317845780153200016433500003001982764103201481              
025904479247396275012944000032008828273703401630223600               
99999                                                                
0000103993317845780153200016433200003002022764103061351              
039054899660395328894663000030608828273503402040224600               
99999                                                                
0000100993317845780153200016435400003001932764102881541              
045593129789394382840870000028808828274303200710222900               
99999                                                                
0000103993317845780153200016434600003001992764103311531              
058947810880394308330745000033108828274303201310222600               
99999                                                                
0000103993317845780153200016439800003002402764103331491              
074453361429393875885304000033308827273903401500223200               
99999                                                                
0000100993317845780153200016438800003002242764102841521              
089057780930393222356515000028408823274103100980224100               
99999                                                                
0000103993317845780153200016440100003002382764103521421              
098043133595393858305833000035208822273903001770224100               
99999                                                                
0000102993317845780153200016439900003002382764103511561              
105525369756393928532645000035108822273603000950221200               
99999                                                                
0000103993317845780153200016439300003002292764102921551              
113247691690394267533603000029208818273603002100225200               
99999                                                                
0000103993317845780153200016439600003002362764103211491              
126670624270394905651908000032108818274002802640225300               
99999                                                                
0000100993317845780153200016440400003002522764103621391              
135227801685394905863699000036208820273802800780222400               
99999                                                                
0000103993317845780153200016440900003002522764103321441              
143021155612396032279220000033208820273902802270224500               
99999                                                                
0000103993317845780153200016438500003002382764103291571              
157965247170397392507599000032908820273902802480224900               
99999                                                                
0000100993317845780153200016437700003002442764103171491              
164910854794397593863774000031708820273702800610221800               
99999                                                                
0000103993317845780153200016437000003002272764103351461              
172817660380399048595515000033508820273602901130221900               
99999                                                                
0000103993317845780153200016436700003002412764103811491              
186382881389400816277506000038108820273703101210222000               
99999                                                                
0000103993317845780153200016438900003002512764103121481              
201837103992403112128544000031208820273903002390225600               
99999                                                                
0000100993317845780153200016439600003002372764103721531              
208524699677403666051013000037208820273503100500221900               
99999                                                                
0000103993317845780153200016437800003002492764102991671              
215698177180405411115603000029908820273603003100227500               
99999                                                                
0000102993317845780153200016439300003002542764103971581              
222804561795406553667079000039708820273602700700221100               
99999                                                                
0000103993317845780153200016440600003002482764103071481              
228911261234407797966089000030708820273902603010227900               
99999                                                                
0000103993317845780153200016424800003001432764103631481              
798225533102450355691375000036308851274704800360220800               
99999                                                                
0000103993317845780153200016427100003001582764103161481              
807780378853448825854222000031608851274604800700222400               
99999                                                                
0000103993317845780153200016427000003001502764103451411              
815545536525447593932872000034508851274205301170223900               
99999                                                                
0000102993317845780153200016429800003001602764103221461              
829154619106445353726635000032208851274705700510220700               
99999                                                                
0000103993317845780153200016431200003001732764103121371              
836911975624444296781159000031208851275005401530224900               
99999                                                                
0000100993317845780153200016427700003001552764102341471              
844625539133442375070872000023408850274705100470224100               
99999                                                                
0000103993317845780153200016425700003001582764103131491              
851654457447442139098229000031308847274505101460224200               
99999                                                                
0000102993317845780153200016424900003001782764103951611              
860010304909440840275003000039508847274705000830220600               
99999                                                                
0000103993327845780153200016424000003001612764103181411              
006194498028439614896746000031808847274904701230223900               
99999                                                                
0000102993327845780153200016425300003001662764103361491              
013225675121438585067442000033608847275104600880221200               
99999                                                                
0000103993327845780153200016423900003001712764103111431              
021501695497437727583793000031108847275304401640224600               
99999                                                                
0000100993327845780153200016423700003001772764102491541              
028674449263436132015894000024908847275304300640226100               
99999                                                                
0000103993327845780153200016425000003001732764103081441              
036692146566436062576280000030808847275104301840225700               
99999                                                                
0000102993327845780153200016426800003001912764103541531              
043084468252435280190244000035408846274504500700220800               
99999                                                                
0000103993327845780153200016428400003002042764103241441              
050562632739434746354528000032408846274704801530224500               
99999                                                                
0000100993327845780153200016427800003001762764103191561              
058078414000433341042861000031908846274805100340222600               
99999                                                                
0000103993327845780153200016428000003001822764102911481              
065861393478433543842445000029108845274705201090223000               
99999                                                                
0000103993327845780153200016428400003001702764103471511              
073988355560433018890640000034708846273606401230223400               
99999                                                                
0000103993327845780153200016429000003001922764103171491              
086279757006432383412163000031708847273407101000222700               
99999                                                                
0000102993327845780153200016430300003002022764103731371              
093363915610431937279289000037308847273406700730220900               
99999                                                                
0000103993327845780153200016430800003001932764103221461              
101520338634431872431805000032208846273506101340224000               
99999                                                                
0000103993327845780153200016429000003001862764103011451              
110846871209431716719489000030108846274005201620225000               
99999                                                                
0000102993327845780153200016429300003001932764103441521              
118893067310431501788443000034408845274804800980221700               
99999                                                                
0000103993327845780153200016427500003001792764102981651              
126353524170431729838431000029808843273604801680225200               
99999                                                                
0000100993327845780153200016427300003001822764103451471              
133270389667431079187742000034508843273604800210221000               
99999                                                                
0000103993327845780153200016428300003001782764103201491              
142137436521432099372449000032008843273205001000222600               
99999                                                                
0000100993327845780153200016428200003001842764102911491              
149651165042431638903309000029108843273505000570224700               
99999                                                                
0000102993327845780153200016429200003001822764103911511              
157582394970432621661291000039108843273605000640220600               
99999                                                                
0000103993327845780153200016431500003001922764102961531              
165823786880433336819823000029608843274205001280223500               
99999                                                                
0000100993327845780153200016429100003001882764103271531              
187388262518434417584692000032708842274005100320221900               
99999                                                                
0000103993327845780153200016430200003001872764103131431              
203687224232436996151906000031308845273305401470224200               
99999                                                                
0000103993327845780153200016427300003001672764103231491              
225935210675440064182446000032308845274005000520221100               
99999                                                                
0000103993327845780153200016430300003002242764103881481              
235181289303441525160554000038808846274105100720221600               
99999                                                                
0000103993327845780153200016437900003003022764103451511              
246982878075443538741941000034508846274105100640221500               
99999                                                                
0000103993327845780153200016428300003001532764103631491              
856567010329487409797578000036308832276102000650221500               
99999                                                                
0000100993337845780153200016429300003001592764102781591              
005153518885484502615366000027808828276502000380229100               
99999                                                                
0000103993337845780153200016428800003001532764103081541              
011568523232484505575426000030808828276602001720225100               
99999                                                                
0000102993337845780153200016429800003001632764102901551              
017330643957483408338058000029008828276702000670221100               
99999                                                                
0000103993337845780153200016426700003001652764102901541              
024022513116482700799881000029008828276902001840225600               
99999                                                                
0000104993337845780153200016427100003001592764102631531              
030851107332482514427762000026308828276702000090222400               
99999                                                                
0000100993337845780153200016433500003001772764103371521              
037652512226479873825449000033708827277202000410227600               
99999                                                                
0000103993337845780153200016433500003001742764103041461              
050247887229479248915487000030408827277302002430229100               
99999                                                                
0000100993337845780153200016435100003001962764103051461              
062814341307476833868479000030508827277402000620228600               
99999                                                                
0000102993337845780153200016435700003001892764103301541              
069642338726476807023377000033008827277602000710222100               
99999                                                                
0000103993337845780153200016434000003001922764103091471              
076123679644476434638168000030908826277702002970229900               
99999                                                                
0000104993337845780153200016435100003002082764104251471              
081262499275476731858387000042508826277802000120222000               
99999                                                                
0000100993337845780153200016432300003001822764102701411              
089208439063474317033916000027008827277602000340227400               
99999                                                                
0000102993337845780153200016432400003002022764102931421              
095435064069474521176166000029308826277302001120222400               
99999                                                                
0000103993337845780153200016435200003001872764102941571              
102976931347474281821360000029408825277502002830229300               
99999                                                                
0000104993337845780153200016435900003001982764102661661              
109647309891474665794141000026608825277302000180223600               
99999                                                                
0000100993337845780153200016435700003001892764102381591              
116837669730472560819061000023808823277402001090229900               
99999                                                                
0000102993337845780153200016436700003001952764103631581              
125502063730472880905573000036308822277302001010221900               
99999                                                                
0000103993337845780153200016438700003001982764102961691              
132099111147472973736579000029608822277302002070227300               
99999                                                                
0000100993337845780153200016439900003002052764102871581              
146473192898471807843522000028708823277102000540227500               
99999                                                                
0000102993337845780153200016440200003002072764103991511              
153987623393472464730384000039908822276902000790221500               
99999                                                                
0000103993337845780153200016438700003002062764103021471              
162118450927472861927923000030208823276702002480228700               
99999                                                                
0000104993337845780153200016439800003002192764102881671              
171637467250473905712719000028808822276002000160222300               
99999                                                                
0000100993337845780153200016441600003002172764103201391              
180242163208472493683404000032008822276502000600226600               
99999                                                                
0000103993337845780153200016439500003002132764103191521              
186907255646473767432428000031908822276102002360227900               
99999                                                                
0000104993337845780153200016441000003002232764102461411              
193732346260474989623475000024608822276402000190223700               
99999                                                                
0000103993337845780153200016440500003002192764103751521              
211387384315475558526870000037508821276802001530224200               
99999                                                                
0000100993337845780153200016437300003002072764102821471              
228660102822476424033452000028208821276402000380224500               
99999                                                                
0000103993337845780153200016441600003002212764103391471              
243801838964479265844612000033908821276402001170223700               
99999                                                                
0000102993337845780153200016436500003002122764103781521              
256198729683480740487624000037808821276602000990221300               
99999                                                                
0000103993337845780153200016439700003002192764103331561              
263141723123482160968691000033308822276902000930221800               
99999                                                                
0000100993337845780153200016438400003002262764103901501              
270500071802482473696579000039008822277002000540220900               
99999                                                                
0000103993337845780153200016438800003002122764103731531              
277945700857484694758618000037308822277002000920221300               
99999                                                                
0000103993337845780153200016439100003002292764103771591              
291244245782487187557029000037708822277802001010221400               
99999                                                                
0000102993337845780153200016438400003002312764103681531              
299116220419488420372284000036808822278002001060220900               
99999                                                                
0000103993337845780153200016437800003002232764103751561              
305543215898490076974865000037508823278102001340221800               
99999                                                                
0000103993347845780153200016431300003001802764103321411              
053984125520524200800421000033208827277602000510225700               
99999                                                                
0000100993347845780153200016432300003001742764103111391              
060603058977522144658553000031108828277502000200223100               
99999                                                                
0000103993347845780153200016432300003001822764102891551              
073672779419521468296407000028908827277402000670227800               
99999                                                                
0000103993347845780153200016433300003001782764103361541              
090146977165519427673640000033608826277302000740228100               
99999                                                                
0000103993347845780153200016433700003001882764103431571              
105014404623517812565330000034308822277702000580227100               
99999                                                                
0000103993347845780153200016434200003001832764103051461              
119357927591516483160863000030508821278302002540229900               
99999                                                                
0000104993347845780153200016436000003001962764102461551              
125320124721516762046423000024608821278402000230224800               
99999                                                                
0000100993347845780153200016432700003001832764102901491              
133048991757514349522365000029008821277702000690229900               
99999                                                                
0000102993347845780153200016435100003001902764103291491              
140312757587514573766518000032908821277602000830223000               
99999                                                                
0000103993347845780153200016435500003001902764103241491              
149662174076514505002732000032408821277802004830229900               
99999                                                                
0000100993347845780153200016436700003002032764102131411              
166467415657512855786876000021308820278502000830229900               
99999                                                                
0000102993347845780153200016437300003002142764103151451              
172959016709513404907337000031508820278302000550222100               
99999                                                                
0000103993347845780153200016437100003002142764103001381              
181438201505513777291346000030008820278002005150229900               
99999                                                                
0000104993347845780153200016435700003002142764103001431              
190995971144514630814074000030008820278502000170223000               
99999                                                                
0000100993347845780153200016435500003002062764102631461              
198659286790512927800353000026308818277802000650229900               
99999                                                                
0000102993347845780153200016436200003002092764103281511              
205174421383513768394125000032808820277802000530221800               
99999                                                                
0000103993347845780153200016434400003002122764102791511              
212567958138514507992180000027908821278002003320229900               
99999                                                                
0000104993347845780153200016438500003002142764102081511              
218782411513515624419377000020808822278402000110223800               
99999                                                                
0000100993347845780153200016439300003002262764102381521              
224751478020514129415243000023808822278502000510228700               
99999                                                                
0000102993347845780153200016435200003002082764103201411              
231869634983515256684769000032008822278602000670222700               
99999                                                                
0000103993347845780153200016437300003002162764103031451              
239018837687516280406071000030308823279002002200229900               
99999                                                                
0000102993347845780153200016436900003002172764103051521              
251875672155517074095248000030508827278602000270221800               
99999                                                                
0000103993347845780153200016435800003002092764103051521              
257462432760518133690635000030508827278602002600229900               
99999                                                                
0000102993347845780153200016443300003002292764103901511              
265525884341518649852633000039008827278702000820221500               
99999                                                                
0000103993347845780153200016439900003002372764103501581              
271824791442519916307084000035008828278902002830228900               
99999                                                                
0000100993347845780153200016442600003002352764103591531              
278452804460519790772284000035908832279302000720221900               
99999                                                                
0000103993347845780153200016439400003002252764103271541              
285767152861521919044101000032708832279902002320225500               
99999                                                                
0000103993347845780153200016441200003002292764103241461              
295486289624523466623966000032408833281002001190222400               
99999                                                                
0000103993347845780153200016441900003002402764103781551              
303528474709524836975201000037808833281102001610223200               
99999                                                                
0000102993347845780153200016438800003002282764103231551              
309565555792525459147390000032308835281602000840221100               
99999                                                                
0000103993347845780153200016442500003002442764103341481              
315992846666527113284129000033408836282002002350225400               
99999                                                                
000010399334708024195320-000171600000002602463102091241              
370166609893528528372217000024008104279307300080229990               
396926689290525145736965000017308111280306400060229900               
99999                                                                
000010399334708024195320-000167700000002542463102751361              
468160265195521519089181000021208111281106500030229967               
478426584064521720675316000032708106281106500090229984               
