111992 210 142  41 4866271112 5320  1  8  0     11 3                                                                              
211992 210 14517  4000  2000 100 120 4700 1200 80  6080 8SE   17419                40        -683043     11819                    
311992 210 14555078099525471208091208    -17076 -119882  2316      0 79670          0     2538049778 548450992    64245           
311992 210 146 4028722625471302030853    -17076 -119859  2316      0 79670          0     2538365592 548151177    82568           
311992 210 14618703581825471455496021    -17076 -119822  2316      0 79670          0     2538882561 547659516    32614           
311992 210 14632545824625471601597267    -17076 -119787  2316      0 79670          0     2539369266 547195634    91634           
311992 210 14726665875925472172928532    -17076 -119649  2316      0 79670          0     2541263563 545380882    70890           
211992 210 14817  3434  1717 100 120 4700 1200 80  6080 8SE   17419                24        -428374      7713                    
311992 210 149 5018650825473220836578    -17849 -119396  2068      0 79670          0     2544671518 542078616   -70810           
211992 210 15017  4716  2358 100 120 4700  600 80  6080 8SE   17419                25        -439984      7876                    
311992 210 15055652523125474418933053    -17599 -119110  2830      0 79670          0     2548453020 538357575    66941           
211992 210 15417  4822  2411 100 120 4700  600 80  6080 8SE   17419                26        -446179      7802                    
211992 210 15517  3281  1640 100 120 4700  600 80  6080 8SE   17419                17        -306727      5577                    
311992 210 15631300925125478153564653    -18043 -118223  2039      0 79670          0     2559605287 527029434   -37497           
211992 210 15717  4135  2067 100 120 4700  600 80  6080 8SE   17419                21        -380972      6996                    
311992 210 15752376943725479079249356    -18142 -118006  2519      0 79700          0     2562230324 524284871   -49559           
211992 210 21317  4463  2231 100 120 4700  600 80  6080 8SE   17416                17        -295570      5218                    
311992 210 21314939161325490240932172    -17386 -115427  2773      0 79700          0     2590429991 492862716    30657           
211992 210 21417  4826  2413 100 120 4700  600 80  6080 8SE   17416                 3         -54569      1004                    
311992 210 21446578562425491410872235    -18190 -115161  3807      0 79700          0     2593079236 489724765    16675           
311992 210 21446678606425491412079510    -18190 -115160  3807      0 79700          0     2593082115 489721338     9070           
111992 210 248  41 4866271112 5320  1  9  0     11 3                                                                              
211992 210 25117  5254  2627 100 120 4700  600 80  588716SE   17421                16        -276908      4895                    
311992 210 25155011880525523038480154    -17307 -108188  3284      0 79700          0     2651117150 412815745    73487           
211992 210 25317  7156  3578 100 120 4700  600 80  588716SE   17421                17        -287979      5083                    
311992 210 25330623965225524522716134    -16940 -107868  4446      0 79700          0     2653385189 409498512   -11266           
311992 210 254 2594882225525021732521    -16940 -107761  4446      0 79700          0     2654140296 408389102    12176           
211992 210 25417  4500  2250 100 120 4700  600 80  588716SE   17421                19        -321940      5546                    
311992 210 25524276055325526301390278    -16944 -107486  2766      0 79720          0     2656062154 405554309    49296           
311992 210 25533596731125526447257541    -16944 -107455  2766      0 79720          0     2656280795 405230794    -7204           
311992 210 25536002067225526485857769    -16944 -107447  2766      0 79720          0     2656337197 405147305    72421           
211992 210 25617  2445  1222 100 120 4700  600 80  588716SE   17421                12        -220250      4058                    
211992 210 25817  3762  1881 100 120 4700  600 80  588716SE   17421                19        -349829      6504                    
311992 210 25833495801925529291938168    -18412 -106846  2313      0 79700          0     2660474825 398985264    31204           
311992 210 25853740708025529612988436    -18412 -106777  2313      0 79700          0     2660943764 398282276   -84829           
211992 210 25917  4920  2460 100 120 4700  600 80  588716SE   17421                11        -197790      3616                    
311992 210 3 020232568425530995287665    -17981 -106482  3202      0 79700          1     2662940459 395278603     7326           
211992 210 3 117  2365  1182 100 120 4700  600 80  588716SE   17421                10        -186603      3494                    
211992 210 3 217  3669  1834 100 120 4700  600 80  588716SE   17421                15        -269322      4882                    
311992 210 3 314294397025533799050276    -17955 -105884  2308      0 79700          0     2666926428 389232434    47719           
211992 210 3 417  6953  3476 100 120 4700  600 80  588716SE   17421                13        -221725      3926                    
311992 210 3 524260159025535911016823    -17056 -105435  4441      0 79720          0     2669875426 384716935   -83702           
311992 210 3 537497412025536127899013    -17056 -105389  4441      0 79720          0     2670174520 384256980   -15086           
211992 210 3 617  3504  1752 100 120 4700  600 80  588716SE   17421                19        -341828      6205                    
311992 210 3 641377188725537174098950    -17991 -105167  2154      0 79700          0     2671614640 382037244    27708           
211992 210 3 717  5157  2578 100 120 4700  600 80  588716SE   17421                13        -222896      3901                    
311992 210 3 847231378125539245623626    -17146 -104728  3294      0 79720          0     2674436538 377663535   -40871           
211992 210 3 917  2859  1429 100 120 4700  600 80  588716SE   17421                 9        -160042      2862                    
311992 210 31030221207025540953259302    -17782 -104367  1906      0 79700          0     2676730983 374084043    -9971           
211992 210 31017  4756  2378 100 120 4700  600 80  588716SE   17421                 7        -123493      2212                    
311992 210 31130992233825541964927358    -17642 -104153  3277      0 79700          0     2678078779 371971770   -71239           
211992 210 31217  2536  1268 100 120 4700  600 80  588716SE   17421                15        -282438      5340                    
311992 210 31236576824625543062165327    -18829 -103922  1595      0 79700          1     2679528372 369692100     6725           
311992 210 31245100811225543204972376    -18829 -103891  1595      0 79700          1     2679716401 369395807     6490           
311992 210 31248309839925543258468665    -18829 -103880  1595      0 79700          0     2679787167 369284261   -22034           
311992 210 31250014637025543286535184    -18829 -103874  1595      0 79700          0     2679824756 369225003   -72929           
211992 210 31317  6521  3260 100 120 4700  600 80  588716SE   17421                13        -223216      3960                    
311992 210 31439723379825545132831856    -17171 -103485  4165      0 79700          0     2682236641 365411432    82613           
211992 210 31517  5100  2550 100 120 4700  600 80  588716SE   17421                12        -200480      3420                    
311992 210 31560869974325546504054972    -16707 -103196  3286      0 79720          0     2684011776 362590625    25120           
311992 210 316 4783320725546569874299    -16707 -103183  3286      0 79720          0     2684097196 362454588   -24162           
211992 210 31717  5768  2884 100 120 4700  600 80  588716SE   17421                14        -226864      3784                    
311992 210 31734689923125548097329529    -16205 -102861  3655      0 79720          0     2686055037 359329223   -20138           
311992 210 31745125514125548275370848    -16205 -102824  3655      0 79720          1     2686281716 358966456     6406           
211992 210 31817  1488   744 100 120 4700  600 80  588716SE   17421                 7        -127157      2313                    
211992 210 32017  3966  1983 100 120 4700  600 80  588716SE   17421                13        -243084      4592                    
311992 210 32122065347925551992781706    -18699 -102044  2534      0 79700          0     2690967900 351425189   -85473           
211992 210 32217  4226  2113 100 120 4700  600 80  588716SE   17421                 7        -128315      2378                    
211992 210 32417  2426  1213 100 120 4700  600 80  588716SE   17421                10        -181240      3298                    
311992 210 32445057620025555511057462    -18124 -101308  1597      0 79720          0     2695309467 344369265   -33206           
311992 210 32448970970225555580097800    -18124 -101294  1597      0 79720          0     2695392770 344233246    53256           
211992 210 31017  2426  2345 100 120 470012600 80  588716SE   17421N                                                              
411992 210 31051758929625541311778454    -18123 -102760  1282      0 79700  4 9410451     2677208570 373331198     8143           
111992 213 3 3  44 4866571112 5320  1 60  0     11 3E                                    A                                        
211992 213 3 616  4897  2448 100 100 4700 1800 80  9260 8SW   17505               195    A  -3277252     56242                    
311992 213 3 7 7569906424327060999271    -16806 -112279  2624      0 79970          0    A2494274102 751451318   -36935           
311992 213 3 7 8294849524327062298173    -16806 -112279  2624      0 79970          0    A2494322753 751427608   -50332           
311992 213 3 712126686224327069943007    -16806 -112274  2624      0 79970          0    A2494579687 751302269   -44617           
311992 213 3 727350453424327100954253    -16806 -112257  2624      0 79970          0    A2495596839 750804092    18829           
311992 213 3 739363766024327125321277    -16806 -112243  2624      0 79970          0    A2496395411 750410741    32381           
311992 213 3 741331463324327128356943    -16806 -112241  2624      0 79970          0    A2496525871 750346294   -63139           
311992 213 3 741642153724327128830598    -16806 -112240  2624      0 79970          0    A2496546461 750336117   -78844           
311992 213 3 745991802324327138305561    -16806 -112235  2624      0 79970          0    A2496834473 750193633   -15945           
311992 213 3 753137654424327153846809    -16806 -112227  2624      0 79970          0    A2497306625 749959494    78372           
311992 213 3 8 2665456924327173433677    -16806 -112216  2624      0 79970          0    A2497934215 749647198    77997           
311992 213 3 8 3701085024327174168681    -16806 -112215  2624      0 79970          0    A2498002297 749613246   -62315           
311992 213 3 8 8257858024327184474670    -16806 -112209  2624      0 79970          0    A2498301551 749463836    25481           
311992 213 3 8 8982799624327185964769    -16806 -112208  2624      0 79970          0    A2498349113 749440064    24194           
311992 213 3 813643138124327194739901    -16806 -112203  2624      0 79970          0    A2498654564 749287224   -66482           
311992 213 3 815610837024327198843320    -16806 -112201  2624      0 79970          0    A2498783375 749222682   -65969           
311992 213 3 822653124124327214222906    -16806 -112192  2624      0 79970          0    A2499243614 748991649      182           
311992 213 3 828763346324327226216474    -16806 -112185  2624      0 79970          0    A2499641971 748791138   -83867           
311992 213 3 842122981224327254765563    -16806 -112170  2624      0 79970          0    A2500509841 748352558   -55746           
311992 213 3 859521575324327292708402    -16806 -112149  2624      0 79970          0    A2501633729 747781022    14566           
311992 213 3 911845581024327319517011    -16806 -112135  2624      0 79970          0    A2502425500 747375941    28480           
311992 213 3 917852235724327333308714    -16806 -112128  2624      0 79970          0    A2502810117 747178433    99040           
311992 213 3 920544875624327339194116    -16806 -112124  2624      0 79970          0    A2502982259 747089880    99099           
311992 213 3 930486930724327359812241    -16806 -112113  2624      0 79970          0    A2503616401 746762832   -21926           
311992 213 3 950888851424327405550388    -16806 -112088  2624      0 79970          0    A2504910579 746091299    23324           
211992 213 31016  3993  1996 100 100 4700 1800 80  9260 8SW   17505               195    A  -3340158     57987                    
311992 213 311 6593451124327579955276    -17129 -111998  2140      0 80000          0    A2509630737 743594847    82086           
311992 213 31113842863524327595349353    -17129 -111989  2140      0 80000          0    A2510076090 743355415   -90693           
311992 213 31118399639024327607957607    -17129 -111983  2140      0 80000          0    A2510355442 743204883    89633           
311992 213 31119745958124327610817138    -17129 -111982  2140      0 80000          0    A2510437892 743160403    55718           
311992 213 31123059977524327617452236    -17129 -111978  2140      0 80000          0    A2510640678 743050903   -69366           
311992 213 31128445254324327631726961    -17129 -111971  2140      0 80000          0    A2510969700 742872939    72928           
311992 213 31135176856224327646434550    -17129 -111963  2140      0 80000          0    A2511380100 742650433   -69254           
311992 213 31142633393124327665714608    -17129 -111954  2140      0 80000          0    A2511833564 742403903    63725           
311992 213 31150297063624327684071920    -17129 -111944  2140      0 80000          0    A2512298388 742150455    45381           
311992 213 31153093265624327690944299    -17129 -111941  2140      0 80000          0    A2512467674 742057964    53816           
311992 213 31157960725624327702711320    -17129 -111935  2140      0 80000          0    A2512761964 741896938    45940           
311992 213 312 6556460924327723135639    -17129 -111924  2140      0 80000          0    A2513280444 741612505   -12712           
311992 213 31212977371824327739739456    -17129 -111917  2140      0 80000          0    A2513666728 741399980    70548           
311992 213 31214220126824327742756489    -17129 -111915  2140      0 80000          0    A2513741393 741358841    66247           
311992 213 31216291388024327746550824    -17129 -111913  2140      0 80000          0    A2513865762 741290271   -64870           
311992 213 31225094249324327769721275    -17129 -111902  2140      0 80000          0    A2514393332 740998794    74755           
311992 213 31233586422824327790770225    -17129 -111891  2140      0 80000          0    A2514900755 740717520    67449           
311992 213 31240110891924327807163573    -17129 -111883  2140      0 80000          0    A2515289589 740501362    76240           
311992 213 31241560776424327809426826    -17129 -111881  2140      0 80000          0    A2515375878 740453320   -60694           
311992 213 31243217785024327814266757    -17129 -111879  2140      0 80000          0    A2515474440 740398413     7740           
311992 213 31244253415024327815868672    -17129 -111878  2140      0 80000          0    A2515536012 740364094   -92015           
311992 213 31252538460424327837250539    -17129 -111868  2140      0 80000          0    A2516027801 740089498   -39507           
311992 213 31254195468624327841893730    -17129 -111866  2140      0 80000          0    A2516125990 740034570     6372           
311992 213 313 3619706824327864861426    -17129 -111854  2140      0 80000          0    A2516683373 739722105   -84998           
311992 213 313 4862463624327869140176    -17129 -111853  2140      0 80000          0    A2516756739 739680893    26908           
311992 213 31312836822324327889485714    -17129 -111843  2140      0 80000          0    A2517226759 739416410    28182           
311992 213 31320086236224327907600823    -17129 -111834  2140      0 80000          0    A2517652933 739175908   -17473           
311992 213 31354054917024327995387050    -17129 -111791  2140      0 80000          0    A2519635840 738048211   -51718           
311992 213 31358301004524328007712411    -17129 -111786  2140      0 80000          0    A2519882092 737907159    66381           
211992 213 31416  4309  2154 100 100 4700 1800 80  9260 8SW   17505               184    A  -3108710     53371                    
311992 213 31453085866924328153386605    -16895 -111717  2314      0 80000          0    A2523027816 736085508     -641           
311992 213 31454535748324328156914779    -16895 -111715  2314      0 80000          0    A2523110282 736037254   -41561           
311992 213 315 4581367424328183821976    -16895 -111702  2314      0 80000          0    A2523680556 735702866   -88000           
311992 213 31524672598824328239256225    -16895 -111677  2314      0 80000          0    A2524815377 735033775   -66668           
311992 213 31535857411324328271473948    -16895 -111662  2314      0 80000          0    A2525443853 734661111    53356           
311992 213 31538342923724328276955863    -16895 -111659  2314      0 80000          0    A2525583197 734578279   -90410           
311992 213 31538446487424328279137551    -16895 -111659  2314      0 80000          0    A2525589001 734574828    98906           
311992 213 31547456473024328302841551    -16895 -111648  2314      0 80000          0    A2526093146 734274509   -47351           
311992 213 316 1023233724328341803989    -16895 -111630  2314      0 80000          0    A2526849434 733822150    35298           
311992 213 316 2576680024328346616673    -16895 -111628  2314      0 80000          0    A2526935816 733770342    78043           
311992 213 316 8376213624328362783081    -16895 -111621  2314      0 80000          0    A2527257918 733576901    54173           
311992 213 316 9101153324328364759994    -16895 -111620  2314      0 80000          0    A2527298138 733552719    46427           
311992 213 31625671241624328412231519    -16895 -111598  2314      0 80000          0    A2528214835 732999835    75307           
311992 213 31626396182724328413167365    -16895 -111597  2314      0 80000          0    A2528254826 732975640   -38521           
311992 213 31626499746024328413430600    -16895 -111597  2314      0 80000          0    A2528260539 732972183   -41834           
311992 213 31638409501024328447480682    -16895 -111582  2314      0 80000          0    A2528916168 732574620   -56357           
311992 213 31642655584424328460149820    -16895 -111576  2314      0 80000          0    A2529149297 732432846   -13982           
311992 213 31644105466524328463704528    -16895 -111575  2314      0 80000          0    A2529228828 732384432   -77297           
311992 213 31647833735924328475528761    -16895 -111570  2314      0 80000          0    A2529433164 732259928    26729           
311992 213 31648247987824328476151716    -16895 -111569  2314      0 80000          0    A2529455853 732246093   -30932           
311992 213 317 3264634424328520228390    -16895 -111550  2314      0 80000          0    A2530276256 731744475    10053           
311992 213 31714345880624328552742752    -16895 -111535  2314      0 80000          0    A2530879096 731374176    16420           
311992 213 31716520705824328558862314    -16895 -111532  2314      0 80000          0    A2530997157 731301487   -10775           
311992 213 31725012877324328583334291    -16895 -111521  2314      0 80000          0    A2531457360 731017609   -66437           
311992 213 31732158726524328605436093    -16895 -111512  2314      0 80000          0    A2531843628 730778683    28888           
211992 213 31816  3902  1951 100 100 4700 1800 80  9260 8SW   17505               189    A  -3230221     55923                    
311992 213 31823008176824328757917052    -17091 -111445  2093      0 80000          0    A2534566826 729077116    -4088           
311992 213 31825286563024328764973256    -17091 -111442  2093      0 80000          0    A2534687810 729000818     7329           
311992 213 31844445730124328823245431    -17091 -111417  2093      0 80000          0    A2535701719 728359038   -35321           
311992 213 31845170671524328825852083    -17091 -111416  2093      0 80000          0    A2535739962 728334747     2109           
311992 213 31855112724524328856178912    -17091 -111403  2093      0 80000          0    A2536263557 728001577   -35044           
311992 213 31857183984524328862674773    -17091 -111400  2093      0 80000          0    A2536372432 727932156   -26959           
311992 213 319 3915584024328883107654    -17091 -111391  2093      0 80000          0    A2536725786 727706509   -73204           
311992 213 31919864297424328932954102    -17091 -111370  2093      0 80000          0    A2537559978 727171738   -67530           
311992 213 31943269547624329008277140    -17091 -111338  2093      0 80000          0    A2538776648 726386537    85722           
311992 213 31949794019924329027613982    -17091 -111329  2093      0 80000          0    A2539114224 726167568   -52898           
311992 213 31955489989724329047006734    -17091 -111322  2093      0 80000          0    A2539408373 725976375    71765           
311992 213 31956214930624329048827729    -17091 -111321  2093      0 80000          0    A2539445773 725952039    22550           
311992 213 31958804007224329055882048    -17091 -111317  2093      0 80000          0    A2539579274 725865122   -98817           
311992 213 31960978832824329064307976    -17091 -111314  2093      0 80000          0    A2539691333 725792107    48452           
311992 213 320 9678128724329091376148    -17091 -111303  2093      0 80000          0    A2540138810 725500007   -33436           
311992 213 32015374096824329109896589    -17091 -111295  2093      0 80000          0    A2540431147 725308716   -13754           
311992 213 32025419716024329142159036    -17091 -111281  2093      0 80000          0    A2540945469 724971281   -31521           
311992 213 32039711418324329188396183    -17091 -111262  2093      0 80000          0    A2541674441 724491070   -50238           
311992 213 32040436357224329190394212    -17091 -111261  2093      0 80000          0    A2541711332 724466707   -86772           
311992 213 32040643483324329192623693    -17091 -111261  2093      0 80000          0    A2541721871 724459746    68636           
311992 213 32044061065124329202681927    -17091 -111256  2093      0 80000          0    A2541895665 724344885   -40925           
311992 213 321  320466624329256869183    -17091 -111234  2093      0 80000          0    A2542720010 723798291    46229           
311992 213 321 3116670924329264883364    -17091 -111230  2093      0 80000          0    A2542861362 723704268   -73418           
311992 213 32113162285324329298961423    -17091 -111217  2093      0 80000          0    A2543368188 723366430    15284           
111992 215 548  46 4866771112 5320  1160  0     11 3                                                                              
211992 215 55117  5131  2565  30 100 4700 1800 90  726432SW   17556                42        -726069     12821                    
311992 215 55142326845923684439993291    -17287 -112706  2962      0 79650          0     2563339464 659018460   -73558           
311992 215 55146261371823684468933229    -17287 -112699  2962      0 79650          0     2563489662 658884435   -63032           
311992 215 55148682619123684487598610    -17287 -112695  2962      0 79650          0     2563582031 658801954    27888           
311992 215 55151103868523684504698029    -17287 -112691  2962      0 79650          0     2563674353 658719470   -38683           
311992 215 55151810063323684510043415    -17287 -112690  2962      0 79650          0     2563701272 658695412   -22460           
311992 215 55153525110623684522874583    -17287 -112687  2962      0 79650          0     2563766629 658636984     1570           
311992 215 55154029534923684525682380    -17287 -112686  2962      0 79650          0     2563785847 658619799   -88054           
311992 215 55154634847523684530900891    -17287 -112685  2962      0 79650          0     2563808906 658599176   -10741           
311992 215 55157358748823684550668064    -17287 -112680  2962      0 79650          0     2563912637 658506373   -35134           
311992 215 55158165832323684557368106    -17287 -112679  2962      0 79650          0     2563943361 658478875    41730           
311992 215 552 4723372923684604954395    -17287 -112667  2962      0 79650          0     2564192802 658255442   -22580           
311992 215 552 8557010623684632979848    -17287 -112661  2962      0 79650          0     2564338473 658124809   -42634           
311992 215 55218141110523684704396334    -17287 -112644  2962      0 79650          0     2564702145 657798193    32706           
311992 215 55220965896623684725489513    -17287 -112639  2962      0 79650          0     2564809195 657701918    56652           
311992 215 55223790682223684745142658    -17287 -112635  2962      0 79650          0     2564916183 657605640   -64622           
311992 215 55224093339523684747992117    -17287 -112634  2962      0 79650          0     2564927642 657595324    -3312           
311992 215 55225001306723684754709593    -17287 -112632  2962      0 79650          0     2564962016 657564376    -2554           
311992 215 55225203076823684755713367    -17287 -112632  2962      0 79650          0     2564969654 657557499   -51302           
311992 215 55228027866423684776377993    -17287 -112627  2962      0 79650          0     2565076548 657461213   -73255           
311992 215 55234282745323684823490754    -17287 -112616  2962      0 79650          0     2565313022 657247997     9355           
311992 215 55237813731923684849007597    -17287 -112610  2962      0 79650          0     2565446382 657127623   -54553           
311992 215 55238923470223684857261650    -17287 -112608  2962      0 79650          0     2565488275 657089790   -51584           
311992 215 55242555340123684884634519    -17287 -112602  2962      0 79650          0     2565625312 656965969    -7216           
311992 215 55243362419623684890614929    -17287 -112601  2962      0 79650          0     2565655751 656938452    -7872           
311992 215 55243564190423684891873644    -17287 -112600  2962      0 79650          0     2565663360 656931573   -31691           
311992 215 553 3438583223685039823436    -17287 -112566  2962      0 79650          0     2566411301 656253866   -11582           
311992 215 553 5254517623685054122506    -17287 -112563  2962      0 79650          0     2566479489 656191933    65339           
311992 215 553 7272223723685068787912    -17287 -112559  2962      0 79650          0     2566555224 656123118    27973           
311992 215 55313426221923685113461369    -17287 -112549  2962      0 79650          0     2566786023 655913217   -95422           
311992 215 55316654548323685139331718    -17287 -112543  2962      0 79650          0     2566906983 655803097    81051           
311992 215 55318066944123685148730919    -17287 -112541  2962      0 79650          0     2566959877 655754918   -34150           
311992 215 55327045727423685216124695    -17287 -112525  2962      0 79650          0     2567295781 655448615    -9413           
311992 215 55328760779823685228440403    -17287 -112522  2962      0 79650          0     2567359872 655390103   -61811           
311992 215 55329668748623685235484456    -17287 -112520  2962      0 79650          0     2567393794 655359125   -37335           
311992 215 55330374944123685241529297    -17287 -112519  2962      0 79650          0     2567420173 655335031    38230           
311992 215 55331383795423685248529860    -17287 -112517  2962      0 79650          0     2567457852 655300611   -17445           
311992 215 55331888221323685251736169    -17287 -112516  2962      0 79650          0     2567476688 655283401   -74737           
311992 215 55336327172323685285359719    -17287 -112509  2962      0 79650          0     2567642363 655131944   -39778           
311992 215 55337638683223685294963747    -17287 -112506  2962      0 79650          0     2567691284 655087193   -63046           
311992 215 55341068777623685320544100    -17287 -112500  2962      0 79650          0     2567819169 654970150   -78913           
311992 215 55342985598823685335359208    -17287 -112497  2962      0 79650          0     2567890596 654904741   -36543           
311992 215 55344902418923685349838277    -17287 -112494  2962      0 79650          0     2567961995 654839330   -28332           
311992 215 55345911271423685357552871    -17287 -112492  2962      0 79650          0     2567999562 654804902   -14832           
311992 215 55354789172723685424989627    -17287 -112477  2962      0 79650          0     2568329823 654501917    52130           
311992 215 55359530777623685460352255    -17287 -112468  2962      0 79650          0     2568505970 654340080    17517           
311992 215 554 4171499823685495043995    -17287 -112460  2962      0 79650          0     2568678206 654181675   -11519           
311992 215 554 5281234523685502687059    -17287 -112458  2962      0 79650          0     2568719369 654143795   -84223           
311992 215 554 6794514623685514640440    -17287 -112456  2962      0 79650          0     2568775485 654092138   -30570           
311992 215 554 7399826723685518518169    -17287 -112454  2962      0 79650          0     2568797927 654071475   -99568           
311992 215 554 9720189123685537585250    -17287 -112450  2962      0 79650          0     2568883928 653992265    55670           
311992 215 55411838778723685552983471    -17287 -112447  2962      0 79650          0     2568962416 653919940    -4389           
311992 215 55415067104623685577019875    -17287 -112441  2962      0 79650          0     2569081952 653809728   -39972           
311992 215 55416479499223685587920498    -17287 -112439  2962      0 79650          0     2569134225 653761508   -17569           
311992 215 55418093662323685600150994    -17287 -112436  2962      0 79650          0     2569193947 653706398   -15072           
311992 215 55419203398423685608236374    -17287 -112434  2962      0 79650          0     2569234995 653668510   -45892           
311992 215 55420716676023685619869770    -17287 -112431  2962      0 79650          0     2569290954 653616843   -27433           
311992 215 55421523760123685626155238    -17287 -112430  2962      0 79650          0     2569320792 653589287    -9634           
311992 215 55423844122123685644348179    -17287 -112426  2962      0 79650          0     2569406549 653510061    53214           
211992 215 55517  3452  1726  30 100 4700 1800 90  726432SW   17556                62       -1095201     19528                    
311992 215 55542736367523686246390127    -17665 -112287  1946      0 79620          0     2572298758 650814846    52462           
311992 215 55546065583223686271312513    -17665 -112281  1946      0 79620          0     2572419814 650701045   -16659           
311992 215 55549798333723686299344968    -17665 -112274  1946      0 79620          0     2572555448 650573443   -87232           
311992 215 55549899217723686300413659    -17665 -112274  1946      0 79620          0     2572559112 650569995   -58062           
311992 215 55551513381923686312503552    -17665 -112271  1946      0 79620          0     2572617733 650514814   -92483           
311992 215 55556355879623686351092517    -17665 -112262  1946      0 79620          0     2572793483 650349263    33809           
311992 215 556 1097479223686387787770    -17665 -112254  1946      0 79620          0     2572965409 650187151    45065           
311992 215 556 2509875223686398582626    -17665 -112251  1946      0 79620          0     2573016590 650138860    34192           
311992 215 556 6141745723686426204934    -17665 -112245  1946      0 79620          0     2573148133 650014679    -8738           
311992 215 556 6242628923686427518689    -17665 -112245  1946      0 79620          0     2573151786 650011230    44690           
311992 215 556 9269186023686450702104    -17665 -112239  1946      0 79620          0     2573261331 649907741    23828           
311992 215 55625209052723686573689919    -17665 -112211  1946      0 79620          0     2573837195 649362633   -20051           
311992 215 55627226756723686589041084    -17665 -112207  1946      0 79620          0     2573909961 649293623   -50036           
311992 215 55630152430523686612893302    -17665 -112202  1946      0 79620          0     2574015421 649193556    64695           
311992 215 55633380755423686637671134    -17665 -112196  1946      0 79620          0     2574131720 649083133    35610           
311992 215 55643872822723686718272310    -17665 -112178  1946      0 79620          0     2574509186 648724225   -62478           
311992 215 55648110003123686752301695    -17665 -112170  1946      0 79620          0     2574661406 648579267    41087           
311992 215 55649623281323686764169553    -17665 -112167  1946      0 79620          0     2574715739 648527494    48868           
311992 215 55654364890823686800888035    -17665 -112159  1946      0 79620          0     2574885881 648365267    24259           
311992 215 55656382592323686815441351    -17665 -112155  1946      0 79620          0     2574958234 648296231   -94396           
311992 215 55658198529223686831236349    -17665 -112152  1946      0 79620          0     2575023327 648234097    67986           
311992 215 557 1729510523686857549155    -17665 -112146  1946      0 79620          0     2575149832 648113276   -57661           
311992 215 557 2940132823686866985660    -17665 -112144  1946      0 79620          0     2575193185 648071851   -59676           
311992 215 557 3242788323686869423228    -17665 -112143  1946      0 79620          0     2575204021 648061494   -52370           
311992 215 557 9901217723686922164069    -17665 -112131  1946      0 79620          0     2575442267 647833642    16289           
311992 215 55711515380423686933897252    -17665 -112128  1946      0 79620          0     2575499977 647778402   -73321           
311992 215 55713230428523686948682380    -17665 -112125  1946      0 79620          0     2575561274 647719708    62901           
311992 215 55718375575923686987449913    -17665 -112116  1946      0 79620          0     2575745043 647543619   -89887           
311992 215 55722007444623687016819628    -17665 -112109  1946      0 79620          0     2575874653 647419314      298           
311992 215 55724933117023687038800139    -17665 -112104  1946      0 79620          0     2575978994 647319175   -96342           
311992 215 55726244623123687049340272    -17665 -112102  1946      0 79620          0     2576025748 647274284   -71401           
311992 215 55729573835723687075668424    -17665 -112096  1946      0 79620          0     2576144380 647160326   -52016           
311992 215 55730885346823687086546665    -17665 -112093  1946      0 79620          0     2576191092 647115432     5814           
311992 215 55735727837023687125488800    -17665 -112085  1946      0 79620          0     2576363467 646949664    94733           
311992 215 55739864131823687157351023    -17665 -112077  1946      0 79620          0     2576510576 646808062    27799           
311992 215 55740872987523687165381573    -17665 -112075  1946      0 79620          0     2576546438 646773524    37007           
311992 215 55742386264623687177000000    -17665 -112073  1946      0 79620          0     2576600219 646721715     7797           
311992 215 55745009281323687198028647    -17665 -112068  1946      0 79620          0     2576693402 646631912    45350           
311992 215 55747430526923687217482955    -17665 -112064  1946      0 79620          0     2576779375 646549014    83419           
311992 215 55750457083923687240287858    -17665 -112058  1946      0 79620          0     2576886784 646445388   -21536           
311992 215 55755803999823687282505665    -17665 -112048  1946      0 79620          0     2577076389 646262306   -17413           
311992 215 55758527902623687304783526    -17665 -112043  1946      0 79620          0     2577172905 646169032    60097           
311992 215 558 2462429423687335720084    -17665 -112036  1946      0 79620          0     2577312228 646034299    45823           
311992 215 558 4883671523687353545064    -17665 -112032  1946      0 79620          0     2577397913 645951382   -85406           
311992 215 55811340327423687405468623    -17665 -112020  1946      0 79620          0     2577626212 645730260     -648           
311992 215 55814366885823687428725309    -17665 -112015  1946      0 79620          0     2577733130 645626602   -71328           
311992 215 55817494328623687453986850    -17665 -112009  1946      0 79620          0     2577843546 645519485   -22849           
211992 215 55917  3286  1643  30 100 4700 1800 90  726432SW   17556                55        -944613     16369                    
311992 215 55937597213423688093513061    -17175 -111863  1865      0 79620          0     2580649356 642774488   -32217           
311992 215 55939917577023688112977332    -17175 -111859  1865      0 79620          0     2580730000 642694933    47034           
311992 215 55951519376023688206239636    -17175 -111838  1865      0 79620          0     2581132696 642297124    25278           
311992 215 55951721146923688208416351    -17175 -111838  1865      0 79620          0     2581139692 642290205    80197           
311992 215 55954243278223688227611348    -17175 -111833  1865      0 79620          0     2581227115 642203717   -35224           
311992 215 55956462753623688246342327    -17175 -111829  1865      0 79620          0     2581304013 642127605    46353           
311992 215 55957168950223688252294449    -17175 -111828  1865      0 79620          0     2581328474 642103388    71381           
311992 215 55957673376323688255029251    -17175 -111827  1865      0 79620          0     2581345944 642086089   -62459           
311992 215 6 0 3322949823688302259437    -17175 -111816  1865      0 79620          0     2581541497 641892339    95965           
311992 215 6 0 3928261423688305833651    -17175 -111815  1865      0 79620          0     2581562437 641871579   -35961           
311992 215 6 011393769123688366203031    -17175 -111801  1865      0 79620          0     2581820499 641615530   -38830           
311992 215 6 013007932823688380626175    -17175 -111798  1865      0 79620          0     2581876249 641560165    96480           
311992 215 6 017346000223688414265441    -17175 -111790  1865      0 79620          0     2582025994 641411367   -54101           
311992 215 6 021583180523688448167088    -17175 -111783  1865      0 79620          0     2582172140 641266021   -99435           
311992 215 6 026526555423688489079796    -17175 -111774  1865      0 79620          0     2582342497 641096442   -19646           
311992 215 6 031469933723688529655720    -17175 -111764  1865      0 79620          0     2582512697 640926854    22799           
311992 215 6 033487638123688546134465    -17175 -111761  1865      0 79620          0     2582582122 640857631    30787           
311992 215 6 040347833523688601769496    -17175 -111748  1865      0 79620          0     2582817971 640622261    14109           
311992 215 6 049124849123688673901478    -17175 -111732  1865      0 79620          0     2583119281 640321099    77679           
311992 215 6 1   20455723688762868009    -17175 -111712  1865      0 79620          0     2583492640 639947200    82880           
311992 215 6 1 3954979623688794234161    -17175 -111704  1865      0 79620          0     2583627279 639812169     4326           
311992 215 6 1 4055864623688794878820    -17175 -111704  1865      0 79620          0     2583630730 639808706   -13679           
311992 215 6 1 9907208523688841999413    -17175 -111693  1865      0 79620          0     2583830778 639607880   -87528           
311992 215 6 111117831223688852937590    -17175 -111691  1865      0 79620          0     2583872140 639566328    15463           
311992 215 6 112530226623688864139019    -17175 -111689  1865      0 79620          0     2583920385 639517849   -20640           
311992 215 6 113539077823688871927635    -17175 -111687  1865      0 79620          0     2583954837 639483222   -67847           
311992 215 6 118583341023688913446978    -17175 -111677  1865      0 79620          0     2584127004 639310077   -48551           
311992 215 6 118885997523688916333998    -17175 -111677  1865      0 79620          0     2584137329 639299688    -7929           
311992 215 6 119188652923688919138146    -17175 -111676  1865      0 79620          0     2584147653 639289299    24394           
311992 215 6 123324948123688952237599    -17175 -111669  1865      0 79620          0     2584288694 639147312   -57639           
311992 215 6 124838226423688964255956    -17175 -111666  1865      0 79620          0     2584340268 639095364   -97409           
311992 215 6 127763900723688989730022    -17175 -111660  1865      0 79620          0     2584439937 638994928    48585           
311992 215 6 136843572923689063760138    -17175 -111643  1865      0 79620          0     2584748912 638683210    -9208           
311992 215 6 139971015623689089503627    -17175 -111638  1865      0 79620          0     2584855217 638575833    -7546           
311992 215 6 141988719723689106055677    -17175 -111634  1865      0 79620          0     2584923769 638506555   -12914           
311992 215 6 143300224923689116391939    -17175 -111631  1865      0 79620          0     2584968314 638461524   -58984           
311992 215 6 2  248948923689257569467    -17175 -111600  1865      0 79620          0     2585543013 637879521    82603           
311992 215 6 2 8723309223689325894476    -17175 -111584  1865      0 79620          0     2585829696 637588478   -89068           
311992 215 6 211043667223689346473722    -17175 -111580  1865      0 79620          0     2585908115 637508783    49178           
311992 215 6 212657832523689358829558    -17175 -111577  1865      0 79620          0     2585962648 637453342   -51143           
311992 215 6 214675538223689375144109    -17175 -111573  1865      0 79620          0     2586030792 637384039   -90114           
311992 215 6 224663178023689458047793    -17175 -111554  1865      0 79620          0     2586367735 637040966   -77307           
211992 215 6 217  3604  1802  30 100 4700 1800 90  726432SW   17556                53        -920651     16161                    
311992 215 6 258257960523689738271723    -17371 -111491  2050      0 79650          0     2587496617 635886717    -6868           
311992 215 6 3 3503990523689781467139    -17371 -111482  2050      0 79650          0     2587672281 635706435   -67382           
311992 215 6 3 9859763723689835884237    -17371 -111470  2050      0 79650          0     2587884883 635488003    62224           
311992 215 6 310465071223689840092375    -17371 -111468  2050      0 79650          0     2587905118 635467199   -23188           
311992 215 6 312583664523689858889486    -17371 -111464  2050      0 79650          0     2587975923 635394385    84292           
311992 215 6 312684550923689858536224    -17371 -111464  2050      0 79650          0     2587979294 635390917   -35444           
311992 215 6 315206679223689880882769    -17371 -111460  2050      0 79650          0     2588063550 635304231    88506           
311992 215 6 317224384323689896495568    -17371 -111456  2050      0 79650          0     2588130927 635234880   -39462           
311992 215 6 318132352323689905101733    -17371 -111454  2050      0 79650          0     2588161238 635203672    60794           
311992 215 6 318435009023689906507937    -17371 -111453  2050      0 79650          0     2588171341 635193269   -52067           
311992 215 6 319746516323689917684711    -17371 -111451  2050      0 79650          0     2588215113 635148190   -32961           
311992 215 6 328725302223689993830967    -17371 -111434  2050      0 79650          0     2588514509 634839553    53788           
311992 215 6 328927073223689995296873    -17371 -111434  2050      0 79650          0     2588521232 634832617    31075           
311992 215 6 330944778723690011688947    -17371 -111430  2050      0 79650          0     2588588443 634763256   -23088           
311992 215 6 338309400723690074110204    -17371 -111416  2050      0 79650          0     2588833558 634510075    33094           
311992 215 6 338914711623690078558054    -17371 -111415  2050      0 79650          0     2588853690 634489265   -30913           
311992 215 6 342445693723690108394363    -17371 -111408  2050      0 79650          0     2588971084 634367870   -16326           
311992 215 6 346077564623690138497857    -17371 -111401  2050      0 79650          0     2589091754 634243001   -61789           
311992 215 6 346178449823690139692159    -17371 -111401  2050      0 79650          0     2589095105 634239532   -27270           
311992 215 6 351222710123690181581745    -17371 -111392  2050      0 79650          0     2589262570 634066095   -85823           
311992 215 6 352635104323690193384425    -17371 -111389  2050      0 79650          0     2589309433 634017531   -95537           
311992 215 6 360705928523690261507644    -17371 -111374  2050      0 79650          0     2589576997 633740008   -88808           
311992 215 6 4 2017431723690273197613    -17371 -111371  2050      0 79650          0     2589620440 633694908   -26630           
311992 215 6 4 4842219223690296320907    -17371 -111366  2050      0 79650          0     2589713975 633597768   -99096           
311992 215 6 4 7767891223690321542271    -17371 -111360  2050      0 79650          0     2589810800 633497156   -48177           
311992 215 6 410491791623690345880563    -17371 -111355  2050      0 79650          0     2589900903 633403480    83721           
311992 215 6 412307729623690360467943    -17371 -111352  2050      0 79650          0     2589960947 633341027     7221           
311992 215 6 413821008123690372950446    -17371 -111349  2050      0 79650          0     2590010969 633288983   -24265           
311992 215 6 416847564823690398889931    -17371 -111343  2050      0 79650          0     2590110973 633184891     9189           
311992 215 6 420075890723690425708109    -17371 -111337  2050      0 79650          0     2590217585 633073857   -41685           
311992 215 6 426129007723690476785136    -17371 -111326  2050      0 79650          0     2590417317 632865657   -61960           
311992 215 6 435208678823690554233003    -17371 -111308  2050      0 79650          0     2590716515 632553332   -19343           
311992 215 6 436217531023690563535336    -17371 -111306  2050      0 79650          0     2590749729 632518627    54338           
311992 215 6 436419301423690564228097    -17371 -111306  2050      0 79650          0     2590756371 632511687   -47714           
311992 215 6 437428154723690573838053    -17371 -111304  2050      0 79650          0     2590789579 632476981    56546           
311992 215 6 438235234823690581074537    -17371 -111302  2050      0 79650          0     2590816140 632449217    94700           
311992 215 6 445902514323690645511209    -17371 -111288  2050      0 79650          0     2591068287 632185445    21331           
311992 215 6 446507826523690650144109    -17371 -111287  2050      0 79650          0     2591088179 632164620   -30254           
311992 215 6 449433497523690675606375    -17371 -111281  2050      0 79650          0     2591184293 632063964    26646           
311992 215 6 457605201723690745316899    -17371 -111266  2050      0 79650          0     2591452487 631782806    38021           
311992 215 6 458311397723690750657238    -17371 -111264  2050      0 79650          0     2591475646 631758507   -29863           
311992 215 6 5 4061858523690800225389    -17371 -111253  2050      0 79650          0     2591664121 631560639    22855           
311992 215 6 5 8601693023690837909530    -17371 -111245  2050      0 79650          0     2591812782 631404419   -83847           
311992 215 6 511830022523690865423589    -17371 -111238  2050      0 79650          0     2591918425 631293325   -89943           
311992 215 6 513948610623690883698305    -17371 -111234  2050      0 79650          0     2591987720 631220418   -72918           
311992 215 6 514755691523690890887172    -17371 -111233  2050      0 79650          0     2592014112 631192643   -43901           
311992 215 6 516470742523690906605201    -17371 -111230  2050      0 79650          0     2592070181 631133621    61606           
311992 215 6 519598183323690931742450    -17371 -111224  2050      0 79650          0     2592172382 631025990   -99623           
311992 215 6 519799956623690935153619    -17371 -111223  2050      0 79650          0     2592178974 631019046    68864           
311992 215 6 521010576423690944865971    -17371 -111221  2050      0 79650          0     2592218519 630977381     4211           
311992 215 6 523129167823690962772280    -17371 -111217  2050      0 79650          0     2592287703 630904467   -18492           
311992 215 6 523330939523690964901478    -17371 -111217  2050      0 79650          0     2592294291 630897523    21694           
311992 215 6 526962806523690995922680    -17371 -111210  2050      0 79650          0     2592412828 630772523    13587           
311992 215 6 537959298123691089623475    -17371 -111189  2050      0 79650          0     2592771275 630394024   -45334           
211992 215 6 617  4394  2197  30 100 4700 1800 90  726432SW   17556                43        -736933     12832                    
311992 215 6 645955965923691676209019    -17138 -111058  2532      0 79650          0     2594972580 628052657   -88535           
311992 215 6 649386061423691705942562    -17138 -111051  2532      0 79650          0     2595082941 627934506   -94511           
311992 215 6 653219702923691739584529    -17138 -111044  2532      0 79650          0     2595206210 627802449   -62217           
311992 215 6 654934753823691754342402    -17138 -111040  2532      0 79650          0     2595261330 627743369   -77720           
311992 215 6 655136524223691756341311    -17138 -111040  2532      0 79650          0     2595267813 627736419   -53303           
311992 215 6 655943605223691764215451    -17138 -111038  2532      0 79650          0     2595293746 627708616    32154           
311992 215 6 659373701523691793044724    -17138 -111032  2532      0 79650          0     2595403918 627590453   -69311           
311992 215 6 7 3610881723691830495585    -17138 -111024  2532      0 79650          0     2595539924 627444481   -13229           
311992 215 6 7 4619734323691838889721    -17138 -111022  2532      0 79650          0     2595572292 627409725   -52540           
311992 215 6 7 5628585723691848916246    -17138 -111020  2532      0 79650          0     2595604654 627374969    71238           
311992 215 6 7 7747177823691867236802    -17138 -111016  2532      0 79650          0     2595672596 627301979    57164           
311992 215 6 714506490423691925548703    -17138 -111003  2532      0 79650          0     2595889200 627069098    -6102           
311992 215 6 715010915523691930338745    -17138 -111002  2532      0 79650          0     2595905355 627051718    32748           
311992 215 6 716322424523691941738894    -17138 -110999  2532      0 79650          0     2595947350 627006530    28183           
311992 215 6 716423310523691941719514    -17138 -110999  2532      0 79650          0     2595950580 627003054   -61810           
311992 215 6 717633932823691953402992    -17138 -110996  2532      0 79650          0     2595989335 626961342    49759           
311992 215 6 720357831323691977273190    -17138 -110991  2532      0 79650          0     2596076506 626867487    58241           
311992 215 6 728832193623692050703061    -17138 -110975  2532      0 79650          0     2596347445 626575479    -5683           
311992 215 6 730950782223692069748673    -17138 -110971  2532      0 79650          0     2596415119 626502473    45497           
311992 215 6 734683537723692102034492    -17138 -110963  2532      0 79650          0     2596534294 626373840     6982           
311992 215 6 735288849923692106321042    -17138 -110962  2532      0 79650          0     2596553613 626352981   -94356           
311992 215 6 735793276123692112343643    -17138 -110961  2532      0 79650          0     2596569710 626335597    66202           
311992 215 6 741241077923692159235762    -17138 -110951  2532      0 79650          0     2596743473 626147853   -17358           
311992 215 6 749009242323692227033763    -17138 -110935  2532      0 79650          0     2596990967 625880127   -50750           
311992 215 6 755970322223692289318358    -17138 -110922  2532      0 79650          0     2597212471 625640200    64828           
311992 215 6 756474748323692292801213    -17138 -110921  2532      0 79650          0     2597228512 625622814   -30127           
311992 215 6 8 8278322823692396536593    -17138 -110898  2532      0 79650          0     2597603477 625215943   -39113           
311992 215 6 813726126523692445508575    -17138 -110887  2532      0 79650          0     2597776285 625028142    59228           
311992 215 6 813827011223692446240735    -17138 -110887  2532      0 79650          0     2597779484 625024664    43536           
311992 215 6 820283668223692502849744    -17138 -110875  2532      0 79650          0     2597984085 624802072    11145           
311992 215 6 823209339123692529080835    -17138 -110869  2532      0 79650          0     2598076722 624701206    52463           
311992 215 6 825327928923692546389549    -17138 -110865  2532      0 79650          0     2598143775 624628163   -87027           
311992 215 6 826538551223692557497622    -17138 -110862  2532      0 79650          0     2598182080 624586423   -45293           
311992 215 6 835416453623692636115915    -17138 -110845  2532      0 79650          0     2598462747 624280320   -29934           
311992 215 6 836627077723692647612380    -17138 -110843  2532      0 79650          0     2598500988 624238577    48839           
311992 215 6 838543894223692663194703    -17138 -110839  2532      0 79650          0     2598561519 624172483   -88913           
311992 215 6 844798780123692718943435    -17138 -110827  2532      0 79650          0     2598758907 623956798   -52079           
311992 215 6 851154552123692775289568    -17138 -110814  2532      0 79650          0     2598959267 623737622   -50722           
311992 215 6 853777567523692798609428    -17138 -110809  2532      0 79650          0     2599041893 623647164   -45302           
311992 215 6 854483767023692804709283    -17138 -110808  2532      0 79650          0     2599064132 623622810   -61875           
311992 215 6 857308551523692830579044    -17138 -110802  2532      0 79650          0     2599153063 623525391    18144           
311992 215 6 9 5984684323692907360681    -17138 -110785  2532      0 79650          0     2599425944 623226161   -10974           
311992 215 6 915972321223692996512157    -17138 -110765  2532      0 79650          0     2599739587 622881670    18143           
311992 215 6 916274979423692999457871    -17138 -110765  2532      0 79650          0     2599749083 622871230    43209           
311992 215 6 916779407523693003742391    -17138 -110764  2532      0 79650          0     2599764909 622853831    22459           
311992 215 6 919705075423693029094437    -17138 -110758  2532      0 79650          0     2599856673 622752913   -48434           
311992 215 6 921218357023693042570054    -17138 -110755  2532      0 79650          0     2599904119 622700713   -49352           
311992 215 6 923841369023693065612950    -17138 -110750  2532      0 79650          0     2599986331 622610231   -83215           
211992 215 61017  3333  1666  30 100 4700 1800 90  726432SW   17556                51        -879391     15302                    
311992 215 61015797260923693531435347    -17243 -110647  1900      0 79670          0     2601607423 620817561   -22560           
311992 215 61022354804523693590099696    -17243 -110634  1900      0 79670          0     2601811041 620591243   -55923           
311992 215 61023262769123693598249591    -17243 -110632  1900      0 79670          0     2601839217 620559906   -58323           
311992 215 61027701720623693638510789    -17243 -110624  1900      0 79670          0     2601976905 620406698   -30078           
311992 215 61033048636323693687113273    -17243 -110613  1900      0 79670          0     2602142624 620222144    10718           
311992 215 61036276964523693716497908    -17243 -110607  1900      0 79670          0     2602242610 620110711    37294           
311992 215 61037790246523693729708385    -17243 -110604  1900      0 79670          0     2602289461 620058476    -7134           
311992 215 61039707063323693747290651    -17243 -110600  1900      0 79670          0     2602348788 619992310    21015           
311992 215 61044146013923693787018408    -17243 -110591  1900      0 79670          0     2602486106 619839081   -14775           
311992 215 61055848702123693892961415    -17243 -110568  1900      0 79670          0     2602847648 619435083    -2339           
311992 215 611 6138997723693987063232    -17243 -110547  1900      0 79670          0     2603164986 619079811    86540           
311992 215 61115016898923694066842725    -17243 -110530  1900      0 79670          0     2603438341 618773277    10135           
311992 215 61126416933523694170599214    -17243 -110507  1900      0 79670          0     2603788776 618379625    26358           
311992 215 61136303685023694261074696    -17243 -110487  1900      0 79670          0     2604092169 618038198    74249           
311992 215 61145686012523694345307305    -17243 -110468  1900      0 79670          0     2604379635 617714164   -56189           
311992 215 61149923192223694385077765    -17243 -110460  1900      0 79670          0     2604509316 617567818    53682           
311992 215 61157086044023694450142222    -17243 -110445  1900      0 79670          0     2604728336 617320412    16799           
311992 215 61160112605923694477169637    -17243 -110439  1900      0 79670          0     2604820804 617215870   -47502           
311992 215 61160213489723694479008923    -17243 -110439  1900      0 79670          0     2604823885 617212385    44170           
311992 215 61212319716623694588776516    -17243 -110415  1900      0 79670          0     2605193301 616794190   -60767           
311992 215 61229873749423694750205220    -17243 -110380  1900      0 79670          0     2605727681 616187733   -24336           
311992 215 61233909161823694788187541    -17243 -110372  1900      0 79670          0     2605850314 616048305    64913           
311992 215 61240264927823694845113131    -17243 -110359  1900      0 79670          0     2606043302 615828698   -88983           
311992 215 61247226010123694909650009    -17243 -110345  1900      0 79670          0     2606254445 615588162   -45313           
311992 215 61250252566623694937837902    -17243 -110339  1900      0 79670          0     2606346174 615483577   -15689           
311992 215 61250656107923694940801213    -17243 -110338  1900      0 79670          0     2606358401 615469633   -91348           
311992 215 61254187095023694975060800    -17243 -110331  1900      0 79670          0     2606465355 615347613    78686           
311992 215 61259634894523695023925597    -17243 -110320  1900      0 79670          0     2606630251 615159348   -61814           
211992 215 61317  3567  1783  30 100 4700 1800 90  726432SW   17556                56        -964409     16783                    
311992 215 61359056305023695575698112    -17222 -110199  2022      0 79650          0     2608419637 613105337     3662           
311992 215 614  670464523695590040639    -17222 -110196  2022      0 79650          0     2608468012 613049527   -66335           
311992 215 614 4302331623695625144109    -17222 -110189  2022      0 79650          0     2608576810 612923952    58056           
311992 215 614 5916497523695639732656    -17222 -110185  2022      0 79650          0     2608625145 612868140    11425           
311992 215 614 6320038323695644213765    -17222 -110185  2022      0 79650          0     2608637227 612854187    83106           
311992 215 614 8640397623695665180086    -17222 -110180  2022      0 79650          0     2608706683 612773956    14806           
311992 215 614 9346596723695670745377    -17222 -110178  2022      0 79650          0     2608727816 612749537   -87715           
311992 215 614 9951907023695677388417    -17222 -110177  2022      0 79650          0     2608745929 612728607    11635           
311992 215 61411162529423695687951478    -17222 -110175  2022      0 79650          0     2608782149 612686746   -62130           
311992 215 61417921839123695750800868    -17222 -110161  2022      0 79650          0     2608984253 612453016   -90663           
311992 215 61423470527823695803433309    -17222 -110150  2022      0 79650          0     2609150000 612261139   -15077           
311992 215 61430835153523695872719439    -17222 -110135  2022      0 79650          0     2609369769 612006452    21197           
311992 215 61433357283023695896561358    -17222 -110129  2022      0 79650          0     2609444974 611919228    43192           
311992 215 61436383838423695923523569    -17222 -110123  2022      0 79650          0     2609535182 611814557   -96441           
311992 215 61443042264423695986245859    -17222 -110110  2022      0 79650          0     2609733489 611584271   -67769           
311992 215 61443445805223695990491711    -17222 -110109  2022      0 79650          0     2609745501 611570313   -21788           
311992 215 61447178559623696026350527    -17222 -110101  2022      0 79650          0     2609856576 611441208    60887           
311992 215 61448590952523696039955998    -17222 -110098  2022      0 79650          0     2609898588 611392357    95370           
311992 215 61450810428723696059135413    -17222 -110094  2022      0 79650          0     2609964588 611315589   -71088           
311992 215 61451213969323696063454073    -17222 -110093  2022      0 79650          0     2609976585 611301631   -18281           
311992 215 61453736099723696088316010    -17222 -110088  2022      0 79650          0     2610051553 611214393    98263           
311992 215 61454543182823696095573568    -17222 -110086  2022      0 79650          0     2610075536 611186477    65536           
311992 215 61459083018923696138094730    -17222 -110077  2022      0 79650          0     2610210387 611029443    49427           
311992 215 61460697184423696152344221    -17222 -110074  2022      0 79650          0     2610258311 610973608   -43935           
311992 215 61516838822223696304625228    -17222 -110041  2022      0 79650          0     2610736894 610415217   -19696           
311992 215 61518553870823696320133601    -17222 -110037  2022      0 79650          0     2610787673 610355884   -86486           
311992 215 61527936198423696409303372    -17222 -110018  2022      0 79650          0     2611065228 610031285   -26420           
311992 215 61533989311923696466497119    -17222 -110005  2022      0 79650          0     2611244083 609821854   -27941           
311992 215 61535805248223696483604472    -17222 -110002  2022      0 79650          0     2611297707 609759022   -34511           
311992 215 61536107902623696485851631    -17222 -110001  2022      0 79650          0     2611306643 609748550   -96058           
311992 215 61538125608923696505061547    -17222 -109997  2022      0 79650          0     2611366205 609678737   -83829           
311992 215 61541454820423696537396912    -17222 -109990  2022      0 79650          0     2611464441 609563542    -1037           
311992 215 61543068985623696552610174    -17222 -109987  2022      0 79650          0     2611512053 609507690    -7922           
311992 215 61550030064923696618039751    -17222 -109972  2022      0 79650          0     2611717244 609266816   -59689           
311992 215 61550837147923696627121181    -17222 -109971  2022      0 79650          0     2611741020 609238888    83394           
311992 215 61550938032523696627621872    -17222 -109970  2022      0 79650          0     2611743992 609235397    37825           
311992 215 61551442457523696631919610    -17222 -109969  2022      0 79650          0     2611758850 609217942   -10617           
311992 215 61552148655623696637928977    -17222 -109968  2022      0 79650          0     2611779650 609193505   -79247           
311992 215 61556587606523696680852821    -17222 -109959  2022      0 79650          0     2611910340 609039896     2786           
311992 215 61559715050423696710575229    -17222 -109952  2022      0 79650          0     2612002363 608931668     6932           
311992 215 616 3649572923696747691596    -17222 -109944  2022      0 79650          0     2612118072 608795507   -17489           
311992 215 61614444295123696850678288    -17222 -109922  2022      0 79650          0     2612435174 608421918    19474           
311992 215 61617975279323696883616020    -17222 -109915  2022      0 79650          0     2612538785 608299710   -47038           
311992 215 61627660263023696976937590    -17222 -109895  2022      0 79650          0     2612822690 607964494    59094           
311992 215 61628063805223696979765974    -17222 -109894  2022      0 79650          0     2612834510 607950526   -42780           
311992 215 61630081508623697000101574    -17222 -109890  2022      0 79650          0     2612893601 607880687    66870           
311992 215 61631292132023697010878114    -17222 -109887  2022      0 79650          0     2612929047 607838782   -10104           
311992 215 61644709867923697139935543    -17222 -109859  2022      0 79650          0     2613321467 607374318    84348           
211992 215 61717  2964  1482  30 100 4700 1800 90  726432SW   17556                24        -411543      7107                    
311992 215 61739497286623697664329101    -17148 -109746  1785      0 79650          0     2614915568 605477363   -56872           
311992 215 61742020937023697690181822    -17148 -109740  1785      0 79650          0     2614988680 605389967    95991           
311992 215 61743636070023697704562977    -17148 -109737  1785      0 79650          0     2615035458 605334032   -23115           
311992 215 61748178638523697747788198    -17148 -109728  1785      0 79650          0     2615166959 605176714   -82293           
311992 215 61749591883023697762708402    -17148 -109725  1785      0 79650          0     2615207853 605127769    45924           
311992 215 61750601343323697772585250    -17148 -109723  1785      0 79650          0     2615237057 605092809    59289           
311992 215 618 4531881123697905908205    -17148 -109693  1785      0 79650          0     2615639626 604610327   -68989           
311992 215 618 5844179523697918779434    -17148 -109691  1785      0 79650          0     2615677506 604564873   -51330           
311992 215 61814828365623698007255797    -17148 -109672  1785      0 79650          0     2615936640 604253681    98720           
311992 215 61818563365523698041546238    -17148 -109664  1785      0 79650          0     2616044268 604124303   -91501           
311992 215 61822904040723698084813482    -17148 -109655  1785      0 79650          0     2616169274 603973941    26533           
311992 215 61827244716623698127168387    -17148 -109646  1785      0 79650          0     2616294200 603823574    50627           
311992 215 61830575933723698159160932    -17148 -109639  1785      0 79650          0     2616390019 603708174    16043           
311992 215 61833503366923698186637581    -17148 -109633  1785      0 79650          0     2616474184 603606759   -79466           
311992 215 61833604312623698188353731    -17148 -109633  1785      0 79650          0     2616477086 603603262    -5913           
311992 215 61834815662023698199313587    -17148 -109630  1785      0 79650          0     2616511901 603561297   -86788           
311992 215 61835118502523698203542204    -17148 -109629  1785      0 79650          0     2616520604 603550805    41823           
311992 215 61838550664023698236056867    -17148 -109622  1785      0 79650          0     2616619211 603431902   -42448           
311992 215 61841074311923698261903826    -17148 -109617  1785      0 79650          0     2616691684 603344471    88421           
311992 215 61845414990023698302734131    -17148 -109608  1785      0 79650          0     2616816274 603194086   -51271           
311992 215 61853288774423698378959939    -17148 -109591  1785      0 79650          0     2617042071 602921284   -95410           
311992 215 61855307689123698400460295    -17148 -109587  1785      0 79650          0     2617099925 602851333    87371           
311992 215 61857023769823698416446542    -17148 -109584  1785      0 79650          0     2617149088 602791873    13367           
311992 215 61858336068823698429702707    -17148 -109581  1785      0 79650          0     2617186675 602746404    59628           
311992 215 61859345527123698438142800    -17148 -109579  1785      0 79650          0     2617215583 602711427   -80648           
311992 215 619 3282419323698477848142    -17148 -109570  1785      0 79650          0     2617328282 602575015    49771           
311992 215 619 8733501723698530009644    -17148 -109559  1785      0 79650          0     2617484220 602386132   -54831           
311992 215 619 9339175823698535750434    -17148 -109558  1785      0 79650          0     2617501539 602365144   -72208           
311992 215 619 9944852123698542741713    -17148 -109556  1785      0 79650          0     2617518856 602344157    35409           
311992 215 61912872289823698571751231    -17148 -109550  1785      0 79650          0     2617602534 602242715    76649           
311992 215 61915799715423698599265441    -17148 -109544  1785      0 79650          0     2617686176 602141273   -32859           
311992 215 61920241336623698643041370    -17148 -109535  1785      0 79650          0     2617813012 601987355     1660           
311992 215 61923067824923698671117676    -17148 -109529  1785      0 79650          0     2617893684 601889406    44043           
311992 215 61923370662623698673915667    -17148 -109528  1785      0 79650          0     2617902325 601878911    27498           
211992 215 62017  3059  1529  30 100 4700 1800 90  726432SW   17556                40        -702338     12423                    
311992 215 62021515529923699245608865    -17558 -109405  1771      0 79650          0     2619554410 599863548    55518           
311992 215 62026663775323699295869334    -17558 -109394  1771      0 79650          0     2619700017 599685069    -1126           
311992 215 62027976072423699308782066    -17558 -109392  1771      0 79650          0     2619737115 599639573    -6046           
311992 215 62028077018823699309874165    -17558 -109391  1771      0 79650          0     2619739969 599636073     3446           
311992 215 62029187423023699321135061    -17558 -109389  1771      0 79650          0     2619771353 599597577    32550           
311992 215 62030903505723699337955117    -17558 -109385  1771      0 79650          0     2619819847 599538081    18864           
311992 215 62033427154923699362760439    -17558 -109380  1771      0 79650          0     2619891140 599450587     4970           
311992 215 62037364044723699401078939    -17558 -109372  1771      0 79650          0     2620002305 599314093   -56299           
311992 215 62040493368723699432379460    -17558 -109365  1771      0 79650          0     2620090622 599205595   -22358           
311992 215 62044934992123699475638830    -17558 -109356  1771      0 79650          0     2620215906 599051595   -93303           
311992 215 62050386072723699531294525    -17558 -109344  1771      0 79650          0     2620369555 598862589    72246           
311992 215 62055332423023699579394077    -17558 -109333  1771      0 79650          0     2620508872 598691078   -21486           
311992 215 62056947557823699595025159    -17558 -109330  1771      0 79650          0     2620554342 598635073   -60338           
311992 215 62059370259623699620354461    -17558 -109325  1771      0 79650          0     2620622528 598551065    68954           
311992 215 621 1288237223699638639769    -17558 -109321  1771      0 79650          0     2620676491 598484558    -5994           
311992 215 621 3509042323699659794479    -17558 -109316  1771      0 79650          0     2620738956 598407549   -95197           
311992 215 621 4114718423699666462040    -17558 -109315  1771      0 79650          0     2620755989 598386546   -29839           
311992 215 621 5023231723699676218076    -17558 -109313  1771      0 79650          0     2620781535 598355042    43570           
311992 215 621 5729852823699682267931    -17558 -109311  1771      0 79650          0     2620801401 598330538   -53233           
311992 215 62111281882123699736987009    -17558 -109299  1771      0 79650          0     2620957428 598138007   -97860           
311992 215 62117338637023699798779073    -17558 -109287  1771      0 79650          0     2621127497 597927966    58298           
311992 215 62128745529123699911314274    -17558 -109262  1771      0 79650          0     2621447394 597532368   -45787           
311992 215 62133187150723699956210041    -17558 -109253  1771      0 79650          0     2621571815 597378322    16344           
311992 215 62133792827323699962683554    -17558 -109251  1771      0 79650          0     2621588775 597357315    59733           
311992 215 62136215528423699985448739    -17558 -109246  1771      0 79650          0     2621656602 597273288   -80111           
311992 215 62137931610123700003089447    -17558 -109243  1771      0 79650          0     2621704632 597213768   -28137           
311992 215 62139950530123700022716865    -17558 -109238  1771      0 79650          0     2621761123 597143744   -80165           
311992 215 62141060934123700035050728    -17558 -109236  1771      0 79650          0     2621792186 597105231    44852           
311992 215 62147723368623700100611348    -17558 -109222  1771      0 79650          0     2621978461 596874143   -52996           
311992 215 62148631880923700111055542    -17558 -109220  1771      0 79650          0     2622003848 596842631    83584           
311992 215 622 7004041723700294328891    -17558 -109180  1771      0 79650          0     2622516538 596205339    27156           
311992 215 62213565528723700358860998    -17558 -109166  1771      0 79650          0     2622699318 595977717   -96902           
311992 215 62213767420823700362393038    -17558 -109166  1771      0 79650          0     2622704939 595970714    53828           
311992 215 62215887286723700383699127    -17558 -109161  1771      0 79650          0     2622763954 595897172    58103           
311992 215 62216392013523700387595557    -17558 -109160  1771      0 79650          0     2622778002 595879663   -58614           
311992 215 62217502420123700399285979    -17558 -109158  1771      0 79650          0     2622808905 595841141    -3701           
311992 215 62218511879523700409517045    -17558 -109156  1771      0 79650          0     2622836994 595806120     6409           
311992 215 62222650663023700451922386    -17558 -109147  1771      0 79650          0     2622952119 595662535    92148           
311992 215 62223962961223700464237230    -17558 -109144  1771      0 79650          0     2622988608 595617007     5747           
311992 215 62229716880023700521141777    -17558 -109132  1771      0 79650          0     2623148518 595417382   -85097           
311992 215 62229918771923700524176128    -17558 -109131  1771      0 79650          0     2623154127 595410377    15400           
311992 215 62232442421123700549502243    -17558 -109126  1771      0 79650          0     2623224220 595322820    10796           
311992 215 62233855666523700563750937    -17558 -109123  1771      0 79650          0     2623263461 595273787    14429           
311992 215 62246776747323700693789531    -17558 -109095  1771      0 79650          0     2623621877 594825470    10984           
311992 215 62252025933023700747167666    -17558 -109084  1771      0 79650          0     2623767298 594643331    57811           
311992 215 62254549582723700772511300    -17558 -109078  1771      0 79650          0     2623837174 594555762    47037           
311992 215 62257073232723700798244392    -17558 -109073  1771      0 79650          0     2623907025 594468192    74303           
311992 215 62257376067623700799907483    -17558 -109072  1771      0 79650          0     2623915406 594457684   -64970           
311992 215 623 5754582123700885344817    -17558 -109054  1771      0 79650          0     2624147125 594166942    19064           
311992 215 623 6360257023700890326401    -17558 -109053  1771      0 79650          0     2624163865 594145924   -94707           
211992 215 62317  3806  1903  30 100 4700 1800 90  726432SW   17556                48        -836922     14762                    
311992 215 62334120378123701171888782    -17436 -108993  2178      0 79670          0     2624929611 593182522   -41108           
311992 215 62346839568023701300879255    -17436 -108965  2178      0 79670          0     2625279476 592741057   -54662           
311992 215 62355924703123701393041084    -17436 -108946  2178      0 79670          0     2625529003 592425706   -75791           
311992 215 62357539836123701409280696    -17436 -108942  2178      0 79670          0     2625573330 592369642   -95239           
311992 215 62357640784023701411049696    -17436 -108942  2178      0 79670          0     2625576100 592366138   -21067           
311992 215 624 3495648723701470204934    -17436 -108929  2178      0 79670          0     2625736702 592162901   -66091           
311992 215 624 4908892323701485390262    -17436 -108926  2178      0 79670          0     2625775448 592113843    12962           
311992 215 624 5918351623701495984216    -17436 -108924  2178      0 79670          0     2625803120 592078801    43986           
311992 215 62414599703023701583657380    -17436 -108905  2178      0 79670          0     2626040935 591777434   -38653           
311992 215 62417829970323701616289862    -17436 -108898  2178      0 79670          0     2626129352 591665294   -71130           
311992 215 62418233755323701621840829    -17436 -108897  2178      0 79670          0     2626140401 591651276    71896           
311992 215 62419747944523701636103486    -17436 -108894  2178      0 79670          0     2626181831 591598710   -47305           
311992 215 62420555512223701644021913    -17436 -108892  2178      0 79670          0     2626203923 591570674   -79843           
311992 215 62422574431923701665469553    -17436 -108888  2178      0 79670          0     2626259143 591500584     3562           
311992 215 62430851999723701750248643    -17436 -108870  2178      0 79670          0     2626485384 591213208    23884           
311992 215 62431962404123701761148512    -17436 -108867  2178      0 79670          0     2626515714 591174657   -21420           
311992 215 62439028620923701834636407    -17436 -108852  2178      0 79670          0     2626708615 590929324    98708           
311992 215 62441148487723701856281518    -17436 -108847  2178      0 79670          0     2626766448 590855723    93243           
311992 215 62441855107023701862361480    -17436 -108846  2178      0 79670          0     2626785722 590831189   -22224           
311992 215 62442864565823701873707974    -17436 -108843  2178      0 79670          0     2626813254 590796140    78781           
311992 215 62445791998923701903900455    -17436 -108837  2178      0 79670          0     2626893073 590694497    99644           
311992 215 62450738348923701953725208    -17436 -108826  2178      0 79670          0     2627027867 590522752    13137           
311992 215 625 4567944323702095950018    -17436 -108796  2178      0 79670          0     2627404258 590042543    44821           
311992 215 625 4870781223702097859539    -17436 -108795  2178      0 79670          0     2627412493 590032028   -75275           
311992 215 625 7293486123702123690783    -17436 -108790  2178      0 79670          0     2627478354 589947900    18987           
311992 215 625 9413349423702145555882    -17436 -108786  2178      0 79670          0     2627535965 589874287    27066           
311992 215 62511533215123702167144713    -17436 -108781  2178      0 79670          0     2627593559 589800673     6882           
311992 215 62512643618323702178886861    -17436 -108779  2178      0 79670          0     2627623721 589762113    39430           
311992 215 62514460648423702197454584    -17436 -108775  2178      0 79670          0     2627673067 589699015    27639           
311992 215 62514763484923702200495509    -17436 -108774  2178      0 79670          0     2627681290 589688498    20261           
311992 215 62514864431823702202096181    -17436 -108774  2178      0 79670          0     2627684031 589684993    76501           
311992 215 62514965376623702202208289    -17436 -108773  2178      0 79670          0     2627686772 589681487   -16116           
311992 215 62522839161123702282402841    -17436 -108756  2178      0 79670          0     2627900448 589408052   -99696           
311992 215 62527381725823702329849458    -17436 -108746  2178      0 79670          0     2628023619 589250297   -33835           
311992 215 62530410105923702361774016    -17436 -108740  2178      0 79670          0     2628105691 589145124    37801           
311992 215 62530813891223702366342243    -17436 -108739  2178      0 79670          0     2628116632 589131101    78415           
311992 215 62532731862923702386185486    -17436 -108735  2178      0 79670          0     2628168590 589064490    85445           
311992 215 62535356456423702412575598    -17436 -108729  2178      0 79670          0     2628239670 588973338    17843           
311992 215 62538687673423702446997216    -17436 -108722  2178      0 79670          0     2628329850 588857643    23290           
311992 215 62544239699223702504365120    -17436 -108709  2178      0 79670          0     2628480059 588664814    28750           
311992 215 62545249162223702513825474    -17436 -108707  2178      0 79670          0     2628507358 588629753   -67745           
311992 215 62546662402823702528772557    -17436 -108704  2178      0 79670          0     2628545570 588580668   -32813           
311992 215 626 1703348823702684346922    -17436 -108671  2178      0 79670          0     2628951803 588058241   -29013           
311992 215 626 5842131023702727683403    -17436 -108662  2178      0 79670          0     2629063441 587914479    19190           
311992 215 62615532943223702827608858    -17436 -108641  2178      0 79670          0     2629324594 587577853   -31910           
7 1992 22612332Very weak data, bin width at 1.5                                          A                                        
111992 2261233  57 4867871112 5320  1  8  0     11 3D                                    A                                        
211992 226123916  4699  2349 100 120 3600  600100    9124NE   18868                11    A   -185453      3181                    
211992 226124516  3199  1599 100 120 3600  600100    9124NE   18868                10    A   -179866      3258                    
311992 226124635298524026352236939938    -17987 -195669  2106      0 80320          1    A1622050557 318155879    -2878           
311992 226124647909861926352188379805    -17987 -195681  2106      0 80320          1    A1622575073 318290369     -758           
211992 226124616  3058  1529 100 120 3600  600100    9124NE   18868                10    A   -169792      2904                    
311992 2261247 9617910726352106026022    -16979 -195701  2013      0 80320          0    A1623478429 318520971    67340           
311992 226124756755371926351928114740    -16979 -195744  2013      0 80320          0    A1625442171 319017788    50609           
211992 226124816  3833  1916 100 120 3600  600100    9124NE   18868                14    A   -239328      4139                    
311992 2261249 5084008226351676165814    -17095 -195806  2429      0 80320          1    A1628293970 319728412    -2718           
311992 226124933821320926351571978808    -17095 -195831  2429      0 80320          0    A1629495201 320023900   -68184           
211992 226125316  3103  1551 100 120 3600  600100    9124NE   18868                 7    A   -121386      2119                    
311992 226125413958442726350632463994    -17341 -196069  2138      0 80320          0    A1641260710 322798768    42830           
311992 226125432358594026350573704964    -17341 -196084  2138      0 80320          0    A1642036961 322974287   -91441           
211992 226125916  5831  2915 100 120 3600  600100    9124NE   18868                 9    A   -134001      2063                    
211992 22613 016  4131  2065 100 120 3600  600100    9124NE   18868                11    A   -193931      3461                    
311992 22613 129566505426349418313587    -17630 -196398  2689      0 80320          0    A1659746821 326728399    44447           
311992 22613 132254168426349410393038    -17630 -196400  2689      0 80320          0    A1659861564 326751172   -92777           
311992 22613 137009264026349400755692    -17630 -196403  2689      0 80320          0    A1660064590 326791420    99195           
211992 22613 216  4368  2184 100 120 3600  600100    9124NE   18868                 4    A    -65529      1087                    
211992 22613 416  4124  2062 100 120 3600  600100    9124NE   18868                 5    A    -82385      1374                    
311992 22613 452795147626348956254203    -16477 -196535  2984      0 80320          0    A1668445566 328398934    79361           
211992 22613 616  7323  3661 100 120 3600  600100    9124NE   18868                 4    A    -67341      1173                    
211992 22613 816  7384  3692 100 120 3600  600100    9124NE   18868                 9    A    106471      1368                    
211992 22613 916  3743  1871 100 120 3600  600100    9124NE   18868                 3    A    -50785       866                    
311992 226131029786668626348335438441    -16929 -196739  2953      0 80320          0    A1682965212 330937205     6556           
311992 226131051908199026348300456194    -16929 -196751  2953      0 80320          0    A1683922287 331093637   -63016           
211992 226131116  2982  1491 100 120 3600  600100    9124NE   18868                 3    A    -52355       918                    
211992 226131316   688   344 100 120 3600  600100    9124NE   18868                 3    A    -58348      1135                    
311992 226131412759280326348026840242    -19449 -196858   543      0 80320          0    A1692632940 332456104    77983           
311992 226131422889699026348013223770    -19449 -196863   543      0 80320          0    A1693073257 332522054   -69836           
211992 226131516  1311   655 100 120 3600  600100    9124NE   18868                 4    A    -66408      1103                    
311992 226131525843024626347941437921    -16602 -196894   984      0 80350          0    A1695811535 332925927   -79175           
311992 226131529874517726347937479290    -16602 -196896   984      0 80350          0    A1695987011 332951441   -37839           
311992 226131547551067526347919039323    -16602 -196904   984      0 80350          0    A1696756569 333062809     3944           
