99999                                                                
0000103991257845780153200016551000003001462764100481451              
079451353293660614986042000004808661280107100720220900               
99999                                                                
0000103991257845780153200016551200003001252764100411371              
086147868642660272173611000004108661280007200790220900               
99999                                                                
0000103991257845780153200016549800003001282764100361571              
100887606267659742609173000003608662280007100840221200               
99999                                                                
0000103991257845780153200016551600003001392764100261491              
123856629745659537891349000002608663279907001390222500               
99999                                                                
0000102991257845780153200016549800003001252764100371541              
130256718365658243321618000003708662280406800990220900               
99999                                                                
0000103991257845780153200016550900003001322764100311401              
137811140452659780459225000003108662280506701220222100               
99999                                                                
0000103991257845780153200016551600003001242764100301381              
155450597363660475054338000003008663280006701220221500               
99999                                                                
0000103991257845780153200016551600003001422764100271441              
178896406606662041077146000002708667281306201780221000               
99999                                                                
0000103991267845780153200016555700003001532764100321481              
115865076987640188849917000003208723283106100890223400               
99999                                                                
0000104991267845780153200016553500003001502764100491501              
122778300390641744495174000004908723282906300160226900               
99999                                                                
0000103991267845780153200016553400003001392764100341491              
143587106320639234821661000003408725283006000920223000               
99999                                                                
0000104991267845780153200016550900003001292764100571561              
150778065323641076795102000005708725283305700150223000               
99999                                                                
0000103991267845780153200016553200003001452764100451461              
157688098045639171350481000004508726282905900580221000               
99999                                                                
0000103991267845780153200016550700003001182764100401431              
169519303433639335224591000004008727282606000970221100               
99999                                                                
000010399126708024195320-000190300000001612463100930211              
362440767686626859328138000009407969283603100050225910               
374338433538625666954387000009207971283603100090239911               
99999                                                                
000010399126708024195320-000178800000002112463101330231              
446116528334623544036957000013307979282903200140240481               
99999                                                                
000010399127708024195320-000187200000001642463101540281              
357560385949602423339536000020807971288402800040229902               
372145355119600076748552000010007974288402800150249986               
99999                                                                
000010399127708024195320-000180800000001532463100670281              
420394916535594705575216000006707974288002900300249903               
99999                                                                
000010299127708024195320-000182800000001722463101210211              
431489790508592752550860000012107974287702900110240793               
99999                                                                
000010399127708024195320-000182000000001922463100740231              
487929734844593819472812000007407989290202500300237310               
99999                                                                
0000103991397845780153200016549900003001492764100421631              
733647304022450545879469000004208722279907000320229900               
99999                                                                
0000103991437845780153200016546900003001572764100411531              
637416629177585152811621000004108773288004500770220700               
99999                                                                
0000103991437845780153200016549100003001552764100271501              
652453676033584856190141000002708775287404701430222200               
99999                                                                
0000102991437845780153200016548000003001502764100441411              
659556875643584351678983000004408776287204700740220800               
99999                                                                
0000103991437845780153200016547300003001332764100221411              
667748798669584901311055000002208776286904801880224800               
99999                                                                
0000103991437845780153200016545500003001352764100201411              
680197891649585200919613000002008773286604301760224000               
99999                                                                
0000103991437845780153200016544200003001192764100271461              
695595040566585900131999000002708775286304301140224300               
99999                                                                
0000103991437845780153200016545100003001362764100161431              
708499503843586765209576000001608777286404102060228500               
99999                                                                
0000102991437845780153200016543100003001142764100591431              
715251065647586819478867000005908777286104100340226900               
99999                                                                
0000103991437845780153200016543400003001282764100161451              
722976668165588034513933000001608777285904302490229600               
99999                                                                
0000103991437845780153200016545300003001182764100151441              
741110878078590058391853000001508780286103702390229000               
99999                                                                
0000103991437845780153200016548200003001292764100161491              
756057944856592074585674000001608781286103201970228900               
99999                                                                
0000102991437845780153200016547200003001262764100231421              
763181168579592628889857000002308781286003100560229900               
99999                                                                
0000103991437845780153200016547300003001232764100201381              
769161795599594087060205000002008781286302901760225300               
99999                                                                
0000103991437845780153200016547100003001262764100191471              
783528332308596539914402000001908782285703302020225800               
99999                                                                
0000103991437845780153200016546600003001212764100131401              
797334531828599121789969000001308782285403302580229900               
99999                                                                
0000102991437845780153200016546300003001242764100781501              
806043351874600331851891000007808782285103500140222200               
99999                                                                
0000103991437845780153200016546000003001182764100211391              
812820345288602254617435000002108782285103401640227300               
99999                                                                
0000103991437845780153200016546900003001412764100281511              
826397950344605183825989000002808782285103300930225600               
99999                                                                
0000102991437845780153200016545400003001162764100781511              
832397137779605997711020000007808782285303200120224300               
99999                                                                
0000103991437845780153200016544700003001062764100191481              
840772298886608444377067000001908782285203201180229500               
99999                                                                
0000103991437845780153200016544900003001232764100501441              
852251055577611147220580000005008782285103300330222200               
99999                                                                
0000103991447845780153200016544800003001522764100281511              
706569706350615988643818000002808782286303001010222200               
99999                                                                
0000102991447845780153200016547600003001642764100231491              
721661169383615907014603000002308782286203300890225900               
99999                                                                
0000103991447845780153200016545300003001242764100161431              
735147494114617387763207000001608786285802902170225300               
99999                                                                
0000102991447845780153200016542700003001332764100551461              
750108798454617943899929000005508783286102500330221600               
99999                                                                
0000103991447845780153200016542900003001202764100371451              
757756619311619372880080000003708782286102500710221500               
99999
0000103991447845780153200016542400003001502764100341001
771543917666620949929022000003408782285602500810221900
99999                                                                
0000103991447845780153200016543900003001342764100161481              
778715916753621875707503000001608781285602502170225700               
99999                                                                
0000102991447845780153200016543600003001302764100341401              
785694634858622160760283000003408781285502500370223000               
99999                                                                
0000103991447845780153200016548100003001362764100321451              
817478034546628030835977000003208777285402400760221900               
99999                                                                
0000103991447845780153200016546600003001432764100331471              
836483445230631678644084000003308773285402500720222000               
99999                                                                
0000103991447845780153200016546200003001452764100381501              
859637311722636577277367000003808772285602900820222600               
99999                                                                
0000103991447845780153200016547000003001442764100141421              
865348987992637850535427000001408770285602902090226900               
99999                                                                
000010399145708024195320-000194900000001402463101370281              
096465428475618366615006000011107994292007400040226785               
102545573086618315338226000016407996292007400140224376               
99999                                                                
0000103991457080241953200000005000000002452463101140111              
115195106192618425829954000011407999292207300120259997               
99999
0000103991457845780153200016543700003001572764100431001
760038889081641802210201000004308755287105100650221000
99999                                                                
0000103991457845780153200016545100003001802764100371471              
768016979712642349898733000003708753287005300790221100               
99999                                                                
0000102991457845780153200016542900003001352764100471521              
775322108380642103338370000004708752286805500600221200               
99999                                                                
0000103991457845780153200016542500003001502764100431421              
782553026035643592210712000004308752286505600680221000               
99999                                                                
0000103991457845780153200016539100003001182764100461511              
792946589630644669402571000004608751286405500620220600               
99999                                                                
0000103991457845780153200016539200003001142764100431451              
800935618221645601229464000004308751286505400540220300               
99999                                                                
0000103991457845780153200016541000003001342764100331371              
825875214501649060836366000003308752286905000930221600               
99999                                                                
0000103991457845780153200016541700003001352764100271481              
837284688344650903296588000002708752285105601210222400               
99999                                                                
0000103991457845780153200016545100003001392764100281511              
850971739506653308881577000002808752285105601160221800               
99999                                                                
0000103991467845780153200016544600003001382764100401491              
005143498549656798915121000004008752285205600710221500               
99999                                                                
0000103991467080241953200000014900000002552463101990351              
032803920044649284039680000019907991299402100080260890               
99999                                                                
0000103991467080241953200000012900000002222463101060151              
104469587360641329496566000010607996295402600070244299               
99999                                                                
0000103991467845780153200016548900003001492764100271631              
689763155178661673498347000002708776287304401370221600               
99999                                                                
0000103991467845780153200016549400003001292764100291591              
697037884879661077634689000002908776287204501120221200               
99999
0000103991467845780153200016548700003001412764100241001
703567312196660604960798000002408777287204201530221800
99999                                                                
0000103991467845780153200016548400003001322764100151471              
709301912604660239374022000001508777287204402080223300               
99999                                                                
0000103991467845780153200016548800003001262764100321531              
718501346056659751707814000003208780287104401120221100               
99999                                                                
0000103991467845780153200016546900003001282764100221531              
729648959048659327345037000002208781286904401540222100               
99999                                                                
0000103991467845780153200016548300003001292764100241521              
741641574488659078763440000002408782286904401630222400               
99999                                                                
0000102991467845780153200016548100003001362764100441491              
747367431468658080282330000004408782286804100750220800               
99999                                                                
0000103991467845780153200016548700003001342764100191561              
754408455153659054580534000001908782286504101810222800               
99999                                                                
0000103991467845780153200016548800003001292764100161581              
769089244362659335656647000001608782286803502790224300               
99999                                                                
0000102991467845780153200016546800003001102764100501431              
774692306452658565219204000005008783286903500560220500               
99999                                                                
0000103991467845780153200016547600003001192764100121501              
781868816822659849002434000001208786286803403970226300               
99999                                                                
0000103991467845780153200016546900003001192764100131531              
796268128014660723679865000001308787285604203050224800               
99999                                                                
0000102991467845780153200016545400003001252764100511451              
802968363824660262515518000005108787285504300440220500               
99999                                                                
0000103991467845780153200016544300003001262764100181481              
808945343615661748365815000001808787285404301570222700               
99999                                                                
0000103991467845780153200016543200003001352764100231421              
832588841551664270975444000002308786285604401160222100               
99999                                                                
0000103991467845780153200016539600003001182764100281571              
852729786470667008063618000002808786286503500880221500               
99999                                                                
0000102991467845780153200016539700003001002764100511441              
859510407149667051269010000005108786286203400360220900               
99999                                                                
0000103991467845780153200016539800003001112764100251491              
865106861931668936011504000002508787285803800860221400               
99999                                                                
0000103991477845780153200016539100003001092764100311471              
012263355624670820831633000003108785285703800820221300               
99999                                                                
0000103991477845780153200016544700003001142764100501461              
024807519324673092545664000005008783285804100560220700               
99999                                                                
000010399147708024195320-000191900000002072463101080291              
115989077895658606933464000010808004293503200140224895               
99999                                                                
000010299147708024195320-000188700000001982463101240391              
124008151321656995107056000012408004293403400070214954               
