99999                                                                
000010397002708024195320000000000000000000141170115084               
405363290628596983396562000011507996284605700070000096               
99999                                                                
000010397002708024195320000000000000000000141170089094               
459442340858590794164036000008907996284505000190000092               
475121310164589972121800000015207996284505000030000053               
99999                                                                
000010397002708024195320000000000000000000141170130081               
512285397777589812150939000013007999284404800130000095               
99999                                                                
000010397015708024195320000000000000000000141170061088               
045944209595449905006888000006107941279904700170000091               
99999                                                                
000010397015708024195320000000000000000000141170118091               
120199389671462297548252000011807944281304100040000069               
99999                                                                
000010397016708024195320000000000000000000141170052089               
023492681169480519976760000005207989278604400150000090               
030521359508480644686021000006907989278604400130000073               
99999                                                                
000010397016708024195320000000000000000000141170205089               
115341254712489077246740000020508004277004900030000045               
125050167177490807101992000012008006277004900060000044               
99999                                                                
000010397019708024195320000000000000000000141170108094               
149953856465573156977396000010808024281107800160000090               
