99999                                                                
000010397033708024195320000000000000000000141170220085               
466762921744492301773319000022007976281703700070000075               
474102314504491366798138000010207979281703700080000071               
99999                                                                
000010397044708024195320000000000000000000141170093095               
045226179056471222224993000009307944277508600110000067               
99999                                                                
000010397044708024195320000000000000000000141170126092               
094224461697479880656430000012607941276608600070000086               
99999                                                                
000010397046708024195320000000000000000000141170072094               
074531791604546401225674000007208034277006300090000051               
99999                                                                
000010397046708024195320000000000000000000141170126094               
135929930382554246255373000012608039275906700040000074               
99999                                                                
000010397047708024195320000000000000000000141170097002               
067087944994578481750901000009708046282903600180000095               
99999                                                                
000010397047708024195320000000000000000000141170110088               
127741566339581980642804000011008056282003700090000061               
139774869720583417111359000017108056282003700060000067               
99999                                                                
000010397048708024195320000000000000000000141170133094               
203047521979615936110433000013308066281704100110000043               
99999                                                                
000010397048708024195320000000000000000000141170265000               
239252405240623044096516000026508059282104100060000043               
252790431510626089839797000029508059282104100040000073               
99999                                                                
000010397050708024195320000000000000000000141170130084               
173759404899644371940851000013007949283807700130000090               
190923243772644952613967000010707949283807700210000086               
99999                                                                
000010397050708024195320000000000000000000141170062088               
252155607783651101676246000006207946283706900320000070               
262207838618652675055187000013407949283706900090000091               
99999                                                                
000010297050708024195320000000000000000000141170213085               
269589894640654144483178000021307949283507000060000091               
282320492159656460851825000012607951283507000100000060               
290331978617658022720311000006707951283507000070000060               
99999                                                                
000010397057708024195320000000000000000000141170280097               
272793498098627956728536000028007871273101000050000086               
282130068286626486208070000017107874273101000070000051               
291238734604625184417685000018907876273101000090000075               
99999                                                                
000010397058708024195320000000000000000000141170041093               
311493590427604539347590000004107911276706100540000064               
317101254141603717752361000006807916276706100430000051               
99999                                                                
000010397058708024195320000000000000000000141170092099               
391816311733597908057730000009207906277205800140000075               
399280440067597875139410000015107911277205800120000070               
99999                                                                
000010397059708024195320000000000000000000141170086003               
327521625490579705013900000008607864281803800120000064               
334270935801578567450035000008707869281803800170000083               
340936629045577512113576000007907864281803800170000080               
99999                                                                
000010097059708024195320000000000000000000141170102089               
351050232313575880244154000010207864281403900060000042               
99999                                                                
000010397059708024195320000000000000000000141170085002               
383467466373572482661194000008507864280904200210000081               
390574388411571943804043000009107864280904200160000068               
99999                                                                
000010297059708024195320000000000000000000141170157001               
415593765497569143672323000015707861280804200080000083               
425580225647568978102103000010407866280804200090000065               
99999                                                                
000010397059708024195320000000000000000000141170083000               
451445426421570994380764000008307869280504200180000075               
