99999                                                                
000010398033708024195320-000184400000002082463100800191              
055718257652408687233262000008007939279806700090249912               
99999                                                                
000010398033708024195320-000184600000001822463101180241              
114952856785420625018456000011807946278906800040229906               
99999                                                                
000010398034708024195320-000184600000002002463100770201              
071338601271425551991010000007707971282503500150249974               
99999                                                                
000010398034708024195320-000181600000002192463100940261              
144938501543439751929468000009407974281604000060249905               
99999                                                                
000010398035708024195320-000188900000001792463101090391              
043354941624442867904009000010907944283304600090249991               
99999                                                                
000010398035708024195320-000185600000001722463100910261              
122584000233451409641476000008907939280605500100239976               
131473270661452991994236000009307936280605500170229997               
99999                                                                
000010398035708024195320-000186800000001952463102380371              
188860586143465566423772000023807939280105300040236797               
99999                                                                
000010398036708024195320-000191300000001832463101740251              
218680422751489491577102000017407899276408300080232093               
99999                                                                
000010398037708024195320-000193100000001772463101410231              
075334258270492033055157000014107951277606900130232369               
99999                                                                
000010398037708024195320-000192900000001892463101080361              
142116594645494889758551000010007956276407600060235198               
152288691245495993721664000011707956276407600130235000               
99999                                                                
000010398037708024195320-000196700000001822463101670361              
239321577899511626622109000013307969275508200030232184               
255261750689515447128351000020207966275508200070230176               
99999                                                                
000010398038708024195320-000188700000001722463101430311              
044649729518520991948114000017107971281305400070240485               
053412159933520039279357000011507971281305400130225064               
99999                                                                
000010398038708024195320-000193700000001632463100980361              
107700495933516795108043000006907969279706000180225395               
116291675357516729846914000012707966279706000110221798               
99999                                                                
000010298038708024195320-000196500000001592463101020271              
220784562041526362602634000009107966279904800100226175               
229282930855527863217310000011307964279904800070225591               
99999                                                                
000010398038708024195320-000194300000001602463101050191              
239141766940529320554741000007907961279904700160234092               
246487513542530788874574000013207959279904700110232303               
99999                                                                
000010398040708024195320-000187900000001512463501880351              
042779918696578567364583000022207959285004400110220404               
051237843009576982950041000015407956285004300140230572               
99999                                                                
000010398040708024195320-000187200000001552463100590251              
114496372508567592021061000005907951284004600380244176               
99999                                                                
000010298040708024195320-000191300000001622463100780191              
128401966388566524037989000007807951283804600250231304               
99999                                                                
000010398049708024195320-000189300000001612463100670331              
327539359102646228229883000007707896279204800100229908               
337075931217644392810338000005807896279204800150229902               
99999                                                                
000010398051708024195320-000194300000001702463100810181              
424962553668582643501474000007507951277406300160249903               
431483757318581672000201000008807956277406300160229987               
99999                                                                
000010298051708024195320-000196300000001892463100760331              
438010270392579015037082000007607951277406000100229970               
99999                                                                
000010098051708024195320-000190500000002032463101290131              
453877335814578530705944000012907951277305900050259912               
99999                                                                
000010398051708024195320-000195500000001592463101370301              
501365628473575695665835000013707951277106000090219906               
99999                                                                
000010398052708024195320-000195100000001772463101020191              
471306498139541837362475000010207896277907300140249907               
