99999                                                                
000010396275708024195320000000000000000000141170128099               
245388217780546067164984000012808011288905200090000079               
256315130624544454503582000013608009288905200130000052               
262299654775543629973393000019208009288905200050000095               
99999                                                                
000010396275708024195320000000000000000000141172123804               
359752130000537513067211002123808001288705000130000035               
369373851858537758688423000012708001288705000100000082               
99999                                                                
000010396276708024195320000000000000000000141170077003               
380585349042573437580190000007708024291203500110000055               
386424844028573445424796000005408024291203500290000069               
99999                                                                
000010296276708024195320000000000000000000141170187004               
401087963145574170747154000018708026291203600070000062               
409784745236574509468485005089608029291203600120000097               
99999                                                                
000010396292708024195320000000000000000000141170196003               
053269571403461976239178000019608014291003900070000068               
064954591495463398399398000007508016291003900230000091               
99999                                                                
000010396293708024195320000000000000000000141170067001               
007723990765443137434489000006707999288905600270000003               
018475662595443080703060000010407999288905600050000075               
99999                                                                
000010396293708024195320000000000000000000141170110090               
058504701456444610383740000011007996286106300080000056               
99999                                                                
000010396294708024195320000000000000000000141170097005               
080222644657431184874525000009707941289905000080000076               
99999                                                                
000010396294708024195320000000000000000000141170154099               
151633519285439156788317000015407939290004700100000072               
99999                                                                
000010396295708024195320000000000000000000141170031094               
032452816289422315918805000003107939291604100890000070               
047049856803421297453284000004907939291604100430000076               
99999                                                                
000010396297708024195320000000000000000000141170393007               
050959231456420531614447000039307989281303400040000063               
059328427064419354176156000021207986281303400070000065               
071860225289417794696108000018407989281303400080000087               
99999                                                                
000010396297708024195320000000000000000000141176881520               
095097015874415587216432006881507989281003600100000085               
99999                                                                
000010396297708024195320000000000000000000141170078007               
137652208551414008704426000007807984279903600330000070               
99999                                                                
000010396298708024195320000000000000000000141170164004               
256391811182427741399993000016407939286103900070000089               
265054281354429185584386000018107939286103900070000082               
278503738594431638494331000004807939286103900250000086               
99999                                                                
000010396304708024195320000000000000000000141170121085               
222323111739586154072777000012107999285401000110000055               
236672166135583892555136000012108001285401000110000043               
