99999                                                                
000010396264708024195320000000000000000000141170074097               
073246535100467232353290000007408004292604500160000040               
99999                                                                
000010396264708024195320000000000000000000141170121090               
099808691822469625208266000012108009291604700060000074               
107600225494470521575520000008908004291604700140000046               
99999                                                                
000010396265708024195320000000000000000000141170119098               
083064538618439920612220000011907994291704900060000070               
99999                                                                
000010396265708024195320000000000000000000141170086001               
132136034189443414061503000008607999291104900220000054               
142665676146444635717957000011207999291104900080000088               
99999                                                                
000010396266708024195320000000000000000000141170046098               
045837492113417805806444000004607999294403800410000077               
052728558005417240095344000007007996294203800220000060               
060481212955416700268560000005608001294203800360000045               
99999                                                                
000010296266708024195320000000000000000000141170084099               
099739416063414062486117000008408006293003800050000057               
109149988711414183834654000007908006293003800130000068               
99999                                                                
000010396266708024195320000000000000000000141170056099               
131683196306416600776384000005608009292804000360000061               
141280471961417244079023000007308009292804000140000044               
99999                                                                
000010396266708024195320000000000000000000141170082098               
165988035650419564248475000008208009292703900200000076               
176046670463420767369248000004708009292703900310000072               
99999                                                                
000010396267708024195320000000000000000000141170034096               
055612356171400297780293000003408006295104100590000050               
064877135275399222060327000003008006295104100930000051               
99999                                                                
000010296267708024195320000000000000000000141170147000               
113409387857394618037567000014708011294104400030000064               
128408168399394436988172000013208011294104400140000068               
99999                                                                
000010396267708024195320000000000000000000141170094002               
150974558725396263812927000009408014294104500110000069               
162631415319396856957542000002208011294104501430000058               
99999                                                                
000010396267708024195320000000000000000000141170051095               
208913348065401385968413000005108009293005500390000060               
214657269505402172223816000006608009293005500270000052               
99999                                                                
000010396268708024195320000000000000000000141170055000               
056086669312391481786998000005508024294405400340000084               
065724059508389934043739000007208024294405400290000075               
99999                                                                
000010296268708024195320000000000000000000141170090098               
075482102766387398334555000009008029294004800100000067               
084600100602386194252474000009008026294004800090000043               
99999                                                                
000010396268708024195320000000000000000000141170069005               
124701801732383643583306000006908026293705300280000058               
130521078479383343060358000007608026293705300280000061               
99999                                                                
000010396268708024195320000000000000000000141170067003               
166915824541382837745273000006708026293405300220000070               
171858476311382952365221000008308029293405300230000061               
99999                                                                
000010396271708024195320000000000000000000141170056095               
153729021470407393061556000005607974291504700430000063               
163376447286406132481938000005407974291504700320000075               
99999                                                                
000010396271708024195320000000000000000000141170119095               
218602269540401791919296000011907969291104800230000075               
230733244790401548617718000013507974291104800170000065               
99999                                                                
000010396273708024195320000000000000000000141170145096               
219861977603465383136017000014508031286704000140000060               
230568592908464242748437000014608031286704000100000063               
243092835129463129222250000014608034286704000110000041               
99999                                                                
000010396274708024195320000000000000000000141170144096               
223560728827506290626869000014408021287805100130000066               
235588208295504634308509000006708021287805100330000065               
99999                                                                
000010396274708024195320000000000000000000141170074098               
398898860274504601419688000007408011287504700350000086               
