99999                                                                
000010397104708024195320000000000000000000141170081089               
142227098633613312134604000008107986277207100040000050               
99999                                                                
000010397105708024195320000000000000000000141170123087               
074215566288624309944541000012307986285304300040000070               
99999                                                                
000010397105708024195320000000000000000000141170054090               
125993473900630007474894000005407996284004700270000078               
137323807233631821214764000008707999284004700140000066               
99999                                                                
000010397105708024195320000000000000000000141170106088               
174368722484638974423442000010607994283804700080000088               
99999                                                                
000010397106708024195320000000000000000000141170052089               
142072396014645479894992000005208016286504300200000067               
99999                                                                
000010397106708024195320000000000000000000141170065093               
190500284094653317445003000006508011286204500060000037               
203328464425655918960349000014708011286104500090000065               
214638945281658365541381000006308014286104500210000059               
99999                                                                
000010397107708024195320000000000000000000141170094096               
087328603136650286867869000009408024287904400150000085               
095922813841650132369335000009008024287904400140000060               
99999                                                                
000010397107708024195320000000000000000000141170093095               
128908069605650776843438000009308024287204800130000076               
135937617468651166567066000004808024287204800210000075               
99999                                                                
000010397109708024195320000000000000000000141170102088               
105666768916648014122695000010207974283707600200000074               
117503401133646928051966000009407971283707600260000069               
99999                                                                
000010297109708024195320000000000000000000141170234093               
127295658480645668891797000023407974283707300050000004               
99999                                                                
000010397109708024195320000000000000000000141170116093               
187992737444645703377660000011607966283707300050000090               
99999                                                                
000010397109708024195320000000000000000000141170132091               
310141449868663125745780000013207959284806300090000079               
99999                                                                
000010397118708024195320000000000000000000141170085098               
349507184994473325386677000008507941282606100130000087               
357534009793472235869666000005007941282606100340000077               
99999                                                                
000010397118708024195320000000000000000000141170069000               
405388980184467901614866000006907949282706200320000092               
411221717027467637807799000007807949282706200140000084               
418498105725467391261944000018907949282706200070000091               
99999                                                                
000010397118708024195320000000000000000000141170098002               
455244473892467545104849000009807954283605800140000093               
99999                                                                
000010397119708024195320000000000000000000141170072095               
387276681912452549566072000007207966288403800250000092               
399019932333451076443256000005207964288403800190000077               
99999                                                                
000010397119708024195320000000000000000000141170057098               
424689079015448641519909000005707969287904000420000094               
99999                                                                
000010397119708024195320000000000000000000141170083097               
457141173165447178990076000008307969287604100190000087               
466765647549447099603331000009307969287604100160000096               
