511993 8 9 81518361665026480895037232371112 20   767438A 80540 20173 5320A1083  
511993 8 9 83440797814226456380192516371112 18   720198A 80540 20173 5320A1131  
511993 8 910 136263965426368272092577371112 12   979194A 80540 19667 5320A 850  
511993 8 91016  210395926357612134220371112 43   506832A 80540 19667 5320A 708  
511993 8 9102912757916826348907858027371112 45   498999A 80540 19667 5320A 610  
511993 8 9121138623411026318150976771371112  9  1134 78B 80610 19665 5320A1403  
511993 8 9122251320720226318817895035371112 13  1392104B 80590 19665 5320A 651  
511993 81010 544851843726179349636289371112  5  1158999B 80590 20265 5320A 400  
511993 810102214007530526162740165231371112  4  1158999B 80590 20265 5320A 218  
511993 810115643713921826096910663583371112  4  1074999B 80590 20172 5320A  59  
511993 810121018451303526091848730940371112  3  1946315B 80590 20172 5320A 446  
511993 811103129894952225902938551575371112  4  1026600B 80340 20270 5320A 505  
511993 811105138218610725879846630588371112  7  1024999B 80360 20270 5320A1081  
511993 811122324745786025801499017487371112  9  1000130B 80390 20462 5320A 796  
511993 825 22950988576224984047336040371112 11  1052122B 79960 21753 5320A 994  
511993 827 418 8676000825597645005661371112  7   990 53C 80410   065 5320A 727  
511993 828 3 620415635025826050172261371112  8  1096 15C 80310 18575 5320  441  
511993 828 32618217873225824393114754371112 10  1546 13C 80310 18575 5320  580  
511993 828 33831401351925824590644635371112  9  1552 12C 80310 18575 5320  564  
