99999                                                                
000010397060708024195320000000000000000000141170137092               
346412316305549899756781000013707901281305900010000073               
356837032996547974031366000011607899281305900040000089               
366041707290546404775184000005607901281305900300000059               
99999                                                                
000010297060708024195320000000000000000000141170257094               
405539761444539466424598000025707899280306500050000093               
415669504795538542365435000011307904280306500100000064               
99999                                                                
000010397060708024195320000000000000000000141170058094               
436361206575538934714181000005807904279206700250000075               
99999                                                                
000010397060708024195320000000000000000000141170106088               
481369067712538631226412000010607906278906600040000068               
490021226660538970301437000005907909278906600220000069               
99999                                                                
000010397061708024195320000000000000000000141170100083               
460565871864503157729081000010007974273308900190000078               
466865108849502801684893000011007974273308900040000084               
474589446141502459090930000031907974273208600030000074               
99999                                                                
000010397061708024195320000000000000000000141170085095               
461661391339503090867464000008507974273308900230000081               
99999                                                                
000010397061708024195320000000000000000000141170109092               
498048392663502051992569000010907979273207900170000095               
99999                                                                
000010397076708024195320000000000000000000141170217098               
063320156430604216960892000021708001291103200040000027               
080465500660604861806071000009508004291103200070000038               
99999                                                                
000010397076708024195320000000000000000000141170094001               
127811230723609256436768000009408009288904400200000066               
99999                                                                
000010397076708024195320000000000000000000141170215096               
184934933490619188606368000021508014288005500040000072               
195467892929621482921389000018608014288005500070000089               
99999                                                                
000010397077708024195320000000000000000000141170074000               
050635590592629651910323000007408011291502700220000047               
063129169418629067388741000006008011291502700150000059               
99999                                                                
000010297077708024195320000000000000000000141170095002               
082529341851629065205440000009508016290402900090000055               
99999                                                                
000010397083708024195320000000000000000000141170153095               
211520325162637801538865000015307974289703000130000059               
99999                                                                
000010397088708024195320000000000000000000141170146002               
327003259945539554071827000014607969286303200100000072               
