99999                                                                
000010397253708024195320000000000000000000141190179004               
062045060452537398113415000017908016296205000060000046               
99999                                                                
000010397266708024195320000000000000000000141190131096               
344344012319543513579238000013107991288906600090000072               
352911367451542396875215000008207989288906600100000087               
99999                                                                
000010397266708024195320000000000000000000141190113096               
403589011826537830307609000011307996289105300070000069               
