99999
0000103993377845780153200016426400003001662764102691001
131446649217629398407090000026908791281402000530229900
99999
0000103993377845780153200016428400003001722764102951601              
136316400698628593017772000029508792281402000600229500               
99999
0000103993377845780153200016426900003001502764102721541              
142810296106627544196639000027208792282602000330227800               
99999
0000103993377845780153200016427600003001772764102981691              
185418262214621552805561000029808792280202000420227700               
99999
0000103993377845780153200016429000003001802764102931541              
191621139055620833737307000029308792280602000320225600               
99999
0000103993377845780153200016429500003001892764103371671              
223394004133617883953581000033708795279802000240224100               
99999
0000103993377845780153200016430100003001872764103401471              
253975803964616332413975000034008797278802000760221400               
99999
0000103993377845780153200016432800003001892764103841661              
281426655473616115773863000038408800280802000750220900               
99999
0000103993377845780153200016432100003002012764103121001
292993463788616369695731000031208800279802001330222300
99999
0000103993377845780153200016434500003001892764104111561              
297803729194616536031260000041108802279902100790220800               
99999
0000103993377845780153200016434600003002002764103631471              
305605347647616881588758000036308802280102300980221200               
99999
0000103993377845780153200016433100003001942764103761571              
320079210834617769595345000037608803280702000820220700               
99999
0000103993387845780153200016422900003001512764102901521              
185958568948649512204149000029008737281402000150223200               
99999
0000103993387845780153200016422200003001522764102861511              
193809019187648363620547000028608737281302000100221800               
99999
0000103993387845780153200016423400003001432764102961551              
204129115973646944753896000029608737281602000180223100               
99999
0000103993387845780153200016424300003001432764103321461              
210813898937646084763616000033208737282102000160222200               
99999
0000103993387845780153200016424600003001492764104181601              
222188836792644735690863000041808737281802000190222800               
99999
0000103993387845780153200016425900003001582764103721631              
239218308163643005277194000037208737281302000230221100               
99999
000010399350708024195320-000162300000002392463106394351              
054174133708522026236805000081808019276902700030220059               
068647413433521986217059000038708019276902500100234283               
99999
0000103993647845780153200016437800003002012764103291551              
068266335264596115616300000032908703271204700630228900               
99999
0000103993647845780153200016439300003001932764102901591              
075253804355595096493294000029008707270004700710229900               
99999
0000103993647845780153200016440500003002062764103081481              
090255482981593043033467000030808710269204300580228900               
99999
0000103993647845780153200016442000003002202764102921431              
103976924705591346755036000029208711269504001140229900               
99999
0000103993647845780153200016440300003002142764103231421              
120205412386589595637275000032308712269203801280229900               
99999
0000103993647845780153200016439700003002242764103451591              
135690223175588210905693000034508711269204400940229900               
99999
0000103993647845780153200016438100003002132764103381521              
148871675230587271493379000033808712269504200570225900               
99999
0000103993647845780153200016437500003002032764103391551              
162496864393586546839920000033908712269704100590228300               
99999
0000103993647845780153200016435900003001892764103271671              
177524905513586052608375000032708715269603000410226200               
99999
0000103993647845780153200016435800003001952764103351621              
188569639836585900776336000033508716269802700450227600               
99999
0000103993647845780153200016435600003001962764103151591              
197097820187585908943768000031508717269302700530229000               
99999
0000103993647845780153200016437000003002012764102671481              
206261109841586041163099000026708718269502600890229900               
99999
0000103993647845780153200016435900003002022764103021461              
215594688302586308372833000030208720269702900410229900               
