99999                                                                
000010099065708024195320-000179200000001612463100970301              
99999                                                                
000010399065708024195320-000184000000001522463100530191              
243682710850655599066950000005307996286502500230229905               
250737998028654372111950000005307996286502500250229900               
99999                                                                
000010099065708024195320-000181400000001832463101140191              
274479725459649818767816000011407996286502300110229923               
283746037254648612360010000011507996286502300050227573               
99999                                                                
000010299065708024195320-000180800000001672463100960351              
305126665796646077012864000010307999285902400080222695               
312520631020645457573062000008907999285902400120226679               
99999                                                                
000010399065708024195320-000181200000001592463100680311              
327363228086645643595355000011107996286102300160229995               
335214487415645292955449000005407996286102300190229905               
342423726404645067766843000003907996286102300230229995               
99999                                                                
000010099065708024195320-000179200000001612463100970301              
374657243566644371130377000009707996286102300130244996               
99999                                                                
000010399065708024195320-000187500000001812463101120251              
452734786620653188400935000011207999286302300130233787               
99999                                                                
000010399068708024195320-000183400000001892463100860411              
377507631796659512317798000004907986283103600330229918               
384737473153658645672290000012407984283103600100229996               
99999                                                                
000010399068708024195320-000185600000001572463100510321              
434576818693655015063574000005107984283803900360249911               
99999                                                                
000010299068708024195320-000183600000001732463100880371              
449129513488653323565512000009307984283603900070228296               
458735613169653354355480000008307986283603900110238400               
99999                                                                
000010399068708024195320-000186000000001692463100490371              
498067710416656588365074000004907986284503800520249920               
99999                                                                
000010299068708024195320-000184600000001672463101280361              
508336645363656018154786000011007986285803400080222792               
513923525709656569963900000014607991285803400070221397               
99999                                                                
000010399068708024195320-000182800000001482463100610321              
541824737676661494643542000006107994287902900200243301               
99999                                                                
000010399069708024195320-000178400000001582463100800361              
431966889819642324139779000008007966285203400160229918               
99999                                                                
000010399070708024195320-000175200000001972463101320241              
426566971553623273415851000016107961287602500090229998               
440606929674621230736222000010407961287602500040229977               
99999                                                                
000010399071708024195320-000182800000001712463103060241              
479428960938588774008186000030607904283105900050230705               
99999                                                                
0000103990827845780153200016557700003001292764102021531              
643015833697426693361132000003208682278103900390226500               
99999                                                                
0000103990827845780153200016558600003001202764102121451              
652272733127427405847680000001408686277904102170229900               
99999                                                                
0000103990827845780153200016558300003001172764102181541              
669969897433429097571982000002708686277404400630229900               
99999                                                                
0000103990827845780153200016559600003001252764102051531              
683218757662430637528498000001708690277404201320229900               
99999                                                                
0000103990827845780153200016560300003001272764102341461              
695195112764432221453719000002508691277403500860229900               
99999
0000103990827845780153200016558500003001132764102061001
700896378506433036766977000004708692277503300200227800
99999                                                                
0000103990827845780153200016557800003001172764102271581              
707458522718434022249927000002508692277603300790229900               
99999                                                                
0000103990827845780153200016558500003001262764101861601              
723700537647436666800491000002408692277803400570229900               
99999                                                                
0000103990827845780153200016559200003001212764102111421              
736625316150438964706111000001608693278103301740229900               
99999                                                                
0000103990827845780153200016558500003001202764102221451              
742326356545440028200665000001308695278203202770229900               
99999                                                                
0000103990827845780153200016557500003001242764102121471              
757528291380442999003601000002008696278503101040229900               
99999                                                                
0000103990827845780153200016557800003001152764102061531              
774799657476446582039878000002308697277803400810229900               
99999                                                                
0000103990827845780153200016557300003001222764101821491              
787514874297449335447557000002608700277403300470229900               
99999                                                                
0000103990827845780153200016557500003001212764102261491              
796281555376451279547006000004908702277603000220228000               
99999                                                                
0000103990827845780153200016557300003001232764101951541              
801525867658452457228625000004308702276903400210229900               
99999
0000103990827845780153200016557800003001202764102051001
810898650820454584224956000002208702276903400880229900
99999                                                                
0000103990827845780153200016557900003001152764102131521              
815863703787455720215434000002008702277203301050229900               
99999                                                                
0000103990837845780153200016552200003001112764102461431              
593173526226450945591609000002408722280301501060221600               
99999                                                                
0000103990837845780153200016552400003001082764102131451              
602988249219450555569524000002008722280001401060222700               
99999                                                                
0000103990837845780153200016552200003001152764102091461              
611296321091450328641370000001308721279901802570227100               
99999                                                                
0000103990837845780153200016552100003001112764102101331              
630893545180450177492122000001708722278701801460229200               
99999                                                                
0000103990837845780153200016553000003001232764102171431              
696853335867453705487180000001208723277702002810229900               
99999                                                                
0000102990837845780153200016553000003001142764101651441              
704979407203454769182081000002108723277102200600229900               
99999
0000103990837845780153200016550800003001192764102111001
720552576750456442834527000003208722276402300430229900
99999                                                                
0000103990837845780153200016549100003001222764102261481              
727897182849457436533294000003808722276301900350226300               
99999                                                                
0000103990837845780153200016549800003001162764101861631              
759550085596462435849712000003508720276701400280227700               
99999                                                                
0000103990837845780153200016550200003001182764101831481              
777060206583465647872903000002208716277301200690229900               
99999                                                                
0000103990837845780153200016550600003001202764102201371              
795185491946469253170718000003608713277301200370224800               
99999                                                                
0000103990877845780153200016559200003001342764102061551              
639676473015565599512714000002308633277007800780221500               
99999                                                                
0000103990877845780153200016553600003001242764102031491              
659636923368562909509684000001408636275708302080225600               
99999                                                                
0000103990877845780153200016553700003001292764102041561              
673512786280561278341022000001908638275708301140222800               
99999                                                                
0000103990877845780153200016550400003001242764102071481              
686488889464559950747299000001408642275108302160226000               
99999                                                                
0000103990877845780153200016552200003001212764102241441              
704149717463558477746431000001708647275208101730224400               
99999                                                                
0000103990877845780153200016552200003001172764102021451              
722017125813557408430011000001308650275407802340226500               
99999                                                                
0000103990877845780153200016553800003001312764101981621              
744878845438556698251659000001308653275607802030229900               
99999                                                                
0000103990877845780153200016553400003001252764101981611              
753885566649556629106797000001508655275507701620229900               
99999                                                                
0000102990877845780153200016555500003001212764101741531              
763377123779556337393437000001108655275707702130227300               
99999
0000102990877845780153200016555500003001132764101501001
770515107759556468519681000001108657275907701600228300
99999                                                                
0000102990877845780153200016555100003001252764101931541              
776945672481556652699170000002608657276107600550223300               
99999                                                                
0000103990877845780153200016553300003001142764101831521              
849363629560563326803057000001008663275706902840228300               
99999                                                                
0000102990887845780153200016553500003001162764101771591              
004591999575565833462141000001408663275706901500224200               
99999                                                                
0000103990887845780153200016554800003001202764101831561              
009816238551567077304569000002208663275706900660227800               
99999                                                                
0000103990887845780153200016552700003001152764101781611              
017324557291568370861349000002008665275006500760226400               
99999                                                                
0000103990887845780153200016552500003001132764101821521              
027803751481570278322248000001208665275206502050226200               
99999                                                                
0000102990887845780153200016552400003001182764101591591              
033531539447570980174136000001608665275206501000222900               
99999                                                                
0000103990887845780153200016551600003001192764101911581              
061027463710577012054051000001208665276505402250226500               
99999                                                                
0000102990887845780153200016550000003001202764101801401              
067002914157577922477787000002008665277205300750224200               
99999                                                                
0000103990887845780153200016551800003001182764101761621              
078432281108580876729473000001208665276905301950226700               
99999                                                                
000010399089708024195320-000192300000001702463101240261              
277081172010589476015381000014708016282506000120230758               
290227122076591469773745000010108019282506000060231062               
99999                                                                
000010399089708024195320-000189500000001852463101800421              
360181023614606143895599000018008006283205000110240051               
