99999                                                                
000010398185708024195320-000191300000001742463100430251              
094974336808646629787253000004308006296805700530249916               
99999                                                                
000010298185708024195320-000187700000002372463101030301              
106234337421645352945369000010308006296505900130239978               
99999                                                                
000010298185708024195320-000178400000002082463100770351              
195035621433653226883527000007708019294007200120236776               
99999                                                                
000010398185708024195320-000189100000001742463501000281              
206786719185656518054336000012108021293507400040209981               
211989000562657433467605000009108019293207500090219985               
218785092274658677164025000008808019293207500140229901               
99999                                                                
000010398195708024195320-000184400000001592463100650361              
373738385332429868365490000006508011294907000230229998               
378428226112429618861636000008608016294907000160229995               
386075267263429297530959000004408011294907000360229999               
99999                                                                
000010398195708024195320-000184600000001612463100560311              
412439167736429008798237000006308014294906600270229901               
423857633016429277637427000004908016294906600360249905               
99999                                                                
000010398196708024195320-000169900000001782463100870501              
350595949468427195170267000008408001293205600110229990               
358751683960426067087701000009008006293205600080239990               
99999                                                                
000010398197708024195320-000154400000002042463100790311              
365098388856425531219472000007908046292208100180239904               
99999                                                                
000010298197708024195320-000159800000001842463100850431              
393111635882421432896892000008508046291608400150239998               
99999                                                                
000010398197708024195320-000158000000001942463100910331              
399399929518420785521163000010808046291508700120229904               
409695413085419730275278000007508049291508700200239999               
99999                                                                
000010398200708024195320-000168900000001902463102470271              
436850350563441657379826000026608029293105900030232991               
445932601364440115562220000022908026293105900040224150               
99999                                                                
000010398210708024195320-000164700000002042463101070131              
086778504037655362758413000010708019298104300040239990               
