99999                                                                
000010397226708024195320000000000000000000141180130090               
082772891075486584254654000013008031295606300070000071               
095291832895485642877835000021008029295606300050000086               
99999                                                                
000010397227708024195320000000000000000000141180135096               
218645028263444541221909000013507994293606600080000070               
99999                                                                
000010397228708024195320000000000000000000141180169004               
175898078720404059556543000016908001293206500070000071               
186777956647403775858043000020707996293206500080000002               
99999                                                                
000010397236708024195320000000000000000000141180202091               
322291253084475131557563000020208046290709400080000054               
