99999                                                                
000010399182708024195320-000205300000001732463100025181              
291807365983598624162534000000207974296008900030209902               
99999                                                                
000010399182708024195320-000201800000001512463102454231              
294035947302598452375450000020107969296008900090224999               
305053338545597727721267000028407971296008900070232901               
99999                                                                
000010399182708024195320-000201700000001552463104624271              
419987313228602403739959000047507974295807100090260309               
435482403122604575747451000044907971295807100090231182               
99999                                                                
000010399183708024195320-000200400000001652463106544281              
414261106211573349022311000058407981294108100050223250               
422554819789574042154818000071907976294108100050220295               
99999                                                                
000010399184708024195320-000206500000001482463103125291              
301629564614552016352631000037207986291409200040220669               
310834059039550544063818000023807984291409200040230071               
99999                                                                
0000103991867845780153200016397800003001482764100621661              
065093877854509453327279000006208737290302600430221800               
99999
0000103991867845780153200016396700003001532764100581001
072413896019508204180499000005808738290502600370221100
99999                                                                
0000103991867845780153200016394000003001412764100661521              
079423198577507069090393000006608737290702600350221200               
99999                                                                
0000103991887845780153200016392500003001512764100941591              
075900973870454950242111000009408735286303500110223500               
99999                                                                
0000103991887845780153200016393200003001562764100651601              
083532166647453286179165000006508732287603100400227700               
99999                                                                
0000103991887845780153200016395300003001612764100351561              
104767804373448926850277000003508735287702900780229900               
99999                                                                
0000100991887845780153200016394800003001642764100681661              
114147227060447865272790000006808735287702800160224000               
99999                                                                
0000103991887845780153200016394200003001502764100521511              
121350167135445840708158000005208736287502800520227600               
99999                                                                
0000103991887845780153200016392100003001592764100511561              
135325670134443484835974000005108737287702700550226100               
99999
0000103991997845780153200016396400003001552764100551001
712290613711595426283365000005508775289104200180227200
99999                                                                
0000103991997845780153200016396800003001432764100681701              
718271553842596700045112000006808776289104400230225600               
99999                                                                
0000100991997845780153200016398000003001452764100761621              
726612348104597478472449000007608776289104500130222800               
99999                                                                
0000103991997845780153200016401500003001542764100411471              
732740314502599912087422000004108776288804600160229900               
99999                                                                
0000103992007845780153200016383700003001722764100911461              
735944690413628164257510000009108776289405000120222300               
99999                                                                
0000103992007845780153200016384900003001602764101271461              
742446366290629483937076000012708776288705200100221700               
99999
0000103992027845780153200016408700003002292764100451001
753145144186665753957612000004508760292703900500222300
99999                                                                
0000103992027845780153200016410300003002282764100461371              
759345102988666643669230000004608760292404300570222100               
99999
0000103992027845780153200016416000003002672764100511001
770739357798668394843789000005108758292004600420221300
99999                                                                
0000103992027845780153200016416200003002502764100561381              
778001284386669585338576000005608757291904700360221000               
99999                                                                
0000103992047845780153200016405300003001892764100721481              
796223597880673626194441000007208746288303500280221400               
99999                                                                
0000103992057845780153200016396200003001702764100441461              
683259961562666473049358000004408752287404500760220800               
99999
0000103992057845780153200016401600003001772764100571001
690719410445665759043827000005708752287204600490220400
99999                                                                
0000103992057845780153200016401800003001592764100461481              
698319020727665107880740000004608756286704500580220800               
99999                                                                
0000102992057845780153200016400500003001722764100591421              
705790770883663372988063000005908755286704500450220500               
99999
0000103992057845780153200016403300003002002764100551001
713101185169664067722076000005508756286204700500220500
99999                                                                
0000103992057845780153200016405100003001782764100561471              
719683508031663702826530000005608757286104700550220500               
99999                                                                
0000103992057845780153200016401800003001932764100601421              
727206642121663361127741000006008757285904700510220400               
99999                                                                
0000103992057845780153200016394900003001822764100561571              
823581511119666100125106000005608757285904600430220400               
99999                                                                
000010399206708024195320-000197900000001642463104474431              
122934150489652769159216000051808024296505000070220073               
128392344035652391030395000036308024296505000120226258               
99999                                                                
000010399206708024195320-000200100000001592463103684261              
201440446794652223464152000014908026295604600050242668               
211787110436652926214359000049908024295604600140243683               
99999                                                                
0000103992067845780153200016394800003001642764100431531              
744228708393650667836622000004308753287104400740221000               
99999                                                                
0000103992067845780153200016397300003001642764100471551              
751023460017650268569937000004708755286904400750221000               
99999                                                                
0000103992067845780153200016398100003001632764100461521              
764421301076649672863384000004608753287404100740220800               
99999                                                                
0000103992067845780153200016401100003002012764100381311              
776850589982649349649442000003808752286904100840221100               
99999                                                                
0000103992067845780153200016401300003001902764100411341              
791521256620649253232862000004108750287104100760220800               
99999                                                                
0000103992067845780153200016401800003002052764100491441              
847206537943651620540185000004908751288403900580220300               
