99999                                                                
000010398122708024195320-000174300000001992463102230241              
148500327625543243766858000022307984291202200030219981               
99999                                                                
000010398124708024195320-000177200000002032463101130121              
131596337048600761371108000011307994293201600080229977               
99999                                                                
000010398124708024195320-000177400000001852463101050241              
163004127970606457927851000009607991292701500050249996               
174982734159608988907117000011407994292701500080229915               
99999                                                                
000010398124708024195320-000172300000002542463101290211              
224568616283621135405648000012907994291901400100249990               
99999                                                                
000010398125708024195320-000173500000001802463100800191              
091779191511621870879701000005607959295001300300229993               
098881652312622167532216000010507961295001300110229969               
99999                                                                
000010098125708024195320-000171000000001662463502390231              
141162344683625283283074000027907966293501600030210071               
155772361070627257559000000019907961293301600060222979               
99999                                                                
000010098126708024195320-000173300000001642463101780251              
159193272562644490903162000017807974293701500110260080               
99999                                                                
000010398126708024195320-000171900000001812463101340231              
196417267595649960478041000013407971293701500130260596               
99999                                                                
000010398151708024195320-000170900000001892463101080291              
090574444822567366291916000012708009299201500060229993               
097795531465568946472861000008908006299201500140229913               
