99999                                                                
000010398274708024195320-000170900000001672463101060291              
059371850980501546839115000010607989295705800090219909               
99999                                                                
000010398275708024195320-000170200000001772463100920281              
061931464525460510287028000010507974295106300100229971               
069802045072459270050931000007907974295106300170239988               
99999                                                                
000010298275708024195320-000173100000001712463100570241              
082011300566456321906438000005707976294906400210239984               
99999                                                                
000010398276708024195320-000173700000001752463101950391              
068273142557422407234841000024607979293603800050220075               
082408296492419726461767000014407981293603800120241089               
99999                                                                
000010398276708024195320-000179400000001552463101590401              
151573600444411262905787000013907981292204000040221159               
160531888484410776925418000018007984292204000120221983               
99999                                                                
000010398276708024195320-000183000000001572463101200211              
266368254592415539048155000015907986291104400050221488               
277651200697417063069241000008207989291104400220235982               
99999                                                                
000010398281708024195320-000177400000001662463101580351              
291817915472355428080527000012808046285504900080221181               
300930627934355120527978000018808051285504900090230482               
99999                                                                
000010398281708024195320-000175200000001602463100950251              
363404724474356974942802000006808044285205000280236888               
370666519969357636937970000012308039285205000180231904               
99999                                                                
000010398281708024195320-000180200000001712463101750221              
454736208037371304283147000016008044285304900110230255               
469743629341374716687674000019008044285304900050220494               
99999                                                                
000010398282708024195320-000177000000001722463101020181              
370128960207381964676937000010208021287904500270243081               
99999                                                                
000010398282708024195320-000178400000001592463101080341              
413783200724385605854873000011208024288104400120224564               
419470719012386316867974000010408019288104400140227786               
99999                                                                
000010398283708024195320-000183400000001542463101130221              
312817838220418701218134000011307999290603900120246169               
99999                                                                
000010398283708024195320-000180000000001622463100830201              
380760588010415577846184000008307996290503900260249302               
99999                                                                
000010398283708024195320-000182800000001542463100600261              
444737883416419754157214000006507996290504000120229996               
455894806792421188503261000005507996290504000490249906               
99999                                                                
000010398284708024195320-000178600000001552463102140321              
325508916805459188901270000021407996292504100100251985               
99999                                                                
000010398284708024195320-000183800000001692463100840401              
389011085718454146241074000010807996292004800090229989               
396392290394453964479503000006007999292004800240239912               
99999                                                                
000010398284708024195320-000183800000001622463100620291              
440270520701454787888278000007108001292104200240229973               
447255799104455224139096000005308006292104200430239979               
99999                                                                
000010398285708024195320-000173700000002012463101550251              
381811444947495877464256000015508041292903500070236902               
99999                                                                
000010398285708024195320-000179200000001752463100920361              
435179255621493047437384000009208046292603600130259992               
99999                                                                
000010398286708024195320-000171000000001702463201430201              
329959933646545893346690000014308046290105600050249908               
99999                                                                
000010398286708024195320-000163300000001922463101310241              
401612764631534770597359000014108041289804100070229985               
409209537010533938684365000012108041289804100070229981               
99999                                                                
000010298286708024195320-000168300000001772463101300301              
424296429520532800632759000013008044290303600070245565               
99999                                                                
000010398286708024195320-000173300000001662463100490341              
481974573129530462176000000004908044290703400390239983               
99999                                                                
000010398287708024195320-000173500000001852463100740361              
472187105945565364295579000007407996287309900190249933               
99999                                                                
000010398288708024195320-000173700000002552463101310311              
419748006615605203928039000013107961289008800040259990               
99999                                                                
000010398289708024195320-000172300000001942463101990431              
473049214006626094250000000019907946289009400080250167               
99999                                                                
000010398298708024195320-000173900000001922463100950431              
031334016138647693663712000009508031288709100080249986               
99999                                                                
000010398299708024195320-000174100000001782463100930391              
054245297478623182651976000009308009289607700130269911               
99999                                                                
000010398300708024195320-000178200000001862463100870291              
032687570251588705317575000008708004290807700120239993               
99999                                                                
000010398300708024195320-000176400000001932463100840241              
088354805534593147304952000008408006289109400170249996               
99999                                                                
000010398302708024195320-000173900000001802463101020151              
048770525627511371314615000010207991290806000180239977               
99999                                                                
000010298302708024195320-000174100000001792463102710221              
059353158079509591707440000027107991290606300040229994               
99999                                                                
000010398302708024195320-000176600000001902463101160211              
118618028630511997265481000012707989290006900120229996               
126574775699512578044512000010607994290006900060229902               
99999                                                                
000010398303708024195320-000179400000001572463101870341              
016064643539474306582093000018707966293907200080250695               
