99999                                                                
000010397136708024195320000000000000000000141170094098               
077540781483645743055455000009408004290506000070000061               
087000880918645702505933000011308006290506000190000049               
99999                                                                
000010397136708024195320000000000000000000141170366000               
133678751503647878391928000036608016289306800040000091               
143075809883648778925306000019508016289306800040000091               
99999                                                                
000010397136708024195320000000000000000000141170180094               
192138243642655735080637000018008024288207400060000060               
99999                                                                
000010397137708024195320000000000000000000141170121090               
082957148280638120302677000012108016290105800100000044               
99999                                                                
000010397137708024195320000000000000000000141170183098               
165939143433639517854841000018308029288807700080000091               
176650670479640584676716000009608031288807700070000092               
99999                                                                
000010397146708024195320000000000000000000141170082096               
303439135086448761691897000008207959291103800330000085               
99999                                                                
000010397146708024195320000000000000000000141170042092               
338995183197444752107326000004207961290304000370000068               
99999                                                                
000010397146708024195320000000000000000000141170078001               
351083266298443859968328000007807961290303900090000095               
99999                                                                
000010397146708024195320000000000000000000141170039098               
404368434931442936257382000003907964290004400500000066               
99999                                                                
000010397147708024195320000000000000000000141170126096               
321999565341440431704821000012607996291603500070000068               
328481555656439426998237000007807996291603500100000097               
