99999                                                                
000010396157708024195320000000000000000000141150039097               
366296936264386708997756000003908006293603300500000094               
371183633310386748585619000003608006293603300400000062               
99999                                                                
000010396157708024195320000000000000000000141150076098               
422995979483389744073571000007608006293903000350000090               
429059813027390394952417000006508011293903000180000062               
99999                                                                
000010396158708024195320000000000000000000141150210089               
300091457864412645283319000021008001294305000070000037               
310967905991411094300408000009508001294305000320000044               
99999                                                                
000010496158708024195320000000000000000000141150506098               
345668471359408384914260000050607999294104800030000086               
356351737753407596143417000011108004294104800030000052               
99999                                                                
000010396158708024195320000000000000000000141150085099               
366106763558405935766125000008507999293904600140000094               
372614241880405654861125000004807999293904600310000076               
99999                                                                
000010296158708024195320000000000000000000141150073095               
383430759307404493575672000007308001294403800120000060               
390407949761404404542792000008008001294403800190000061               
99999                                                                
000010396158708024195320000000000000000000141150083097               
412166358732405554568736000008308004294403700260000066               
420204325352405876538646000005907999294403700360000080               
99999                                                                
000010396161708024195320000000000000000000141150093092               
396833776029491109039346000009308016292703800220000074               
405297262985489970449926000015508016292703800080000095               
99999                                                                
000010396175708024195320000000000000000000141170121091               
085815070206617340902968000012107959296704600050000070               
99999                                                                
000010396177708024195320000000000000000000141170167003               
080318401653549175445122000016707991297603500080000068               
088817325459549270627647000008007994297603500160000095               
99999                                                                
000010396177708024195320000000000000000000141170105095               
105998291809549852153685000010507996295605100070000094               
99999                                                                
000010396177708024195320000000000000000000141170107097               
136835812600552139439956000010707996295404900230000081               
99999                                                                
000010396178708024195320000000000000000000141170090099               
125851968242509986657300000009008006293704600140000070               
132088209067510201964159000007308006293704600320000049               
99999                                                                
000010296178708024195320000000000000000000141170057001               
148425024716509773106262000005708011293204900180000052               
99999                                                                
000010396178708024195320000000000000000000141170087005               
169231966260512808866688000008708009291907000230000082               
99999                                                                
000010396181708024195320000000000000000000141170104089               
114538711124400636513879000010408019293707100300000045               
99999                                                                
000010396181708024195320000000000000000000141170112088               
172392714938394858398359000011208024292707200200000079               
99999                                                                
000010396181708024195320000000000000000000141170128095               
253883025097396356369722000012808024291507800180000079               
