99999                                                                
000010399035708024195320-000180000000001572463100840211              
231413056882598644959554000008808004284502300100233986               
241238020733596992184994000008108006284502300110229981               
99999                                                                
000010099035708024195320-000180600000001402463101410101              
266579728250592357133036000014108006283802800070233072               
99999                                                                
000010399035708024195320-000175800000001482463100720301              
360796123294588248131381000009008014282603100140229167               
367703868074588497725131000005408009282603100340229996               
99999                                                                
000010099035708024195320-000179800000001702463100910271              
374958008084587985792432000006908009282103500090229909               
383063148444588502631687000011408009282103500070229980               
99999                                                                
000010299035708024195320-000179500000001762463101370331              
407336038152590864309227000010508009281703700090244168               
421215757232592611149424000017008011281703700110231952               
99999                                                                
000010399035708024195320-000179000000001712463101130181              
490194351802606521397016000011308021281604100120262649               
99999                                                                
000010399036708024195320-000178000000001602463100820211              
262099108253626640864820000006807999284307800130229905               
271707441451625015210544000009708001284307800130234957               
99999                                                                
000010099036708024195320-000178800000001682463101570371              
281310849693622547372658000011708001283908100030232171               
291376143520621096503416000019807996283908100040238083               
99999                                                                
000010399037708024195320-000177400000002002463100780251              
337310635670642050830700000007807986286806900100249988               
99999                                                                
000010099037708024195320-000175600000001922463101120211              
349085977480639876340759000011207986286606600140239927               
99999                                                                
000010299037708024195320-000175400000001852463101000201              
366526667541638334909810000011807979286706400140224403               
373459574473637909912382000008307984286706400100229915               
99999                                                                
000010399037708024195320-000178400000001672463100720321              
388877078718638319387742000006107979286705700150239936               
398221812155638141077175000008407979286705700050236799               
99999                                                                
000010399039708024195320-000171100000002112463100610121              
428454525346658331486987000006107974285002200190239906               
99999                                                                
000010399039708024195320-000182000000001782463101870341              
519883904853659476482234000018707986284502300100241304               
99999                                                                
000010399041708024195320-000178600000002072463101200181              
425268266138648120254830000012007964286204100060249978               
99999                                                                
000010399041708024195320-000173100000002072463101270151              
479016818918640797906625000012707969286204400030229915               
99999                                                                
000010399052708024195320-000181600000002052463101800181              
076515296822419969241262000021608041281306400030249981               
087947974133422102717644000014408044281306400040239978               
99999                                                                
000010399053708024195320-000187400000001762463101380331              
058456806267416074463898000012708009281306400080229998               
065636547712416896913577000014908006281306400060239999               
99999                                                                
000010399053708024195320-000191500000001812463101150201              
131778507881427988524485000011508006280606700060249902               
99999                                                                
000010399054708024195320-000182900000002002463100690251              
072908960049421966751983000006907999285102100140249912               
99999                                                                
000010099054708024195320-000188700000001592463101080331              
085784242997423395506264000009708001284802200051249995               
101598924005425217782984000012008001284802200061245261               
99999                                                                
000010099054708024195320-000188900000001672463101170341              
093087846776424187616992000012708001284502200030229991               
102490962963425332297476000010808001284502200050234868               
99999                                                                
000010399055708024195320-000182400000001632463100820241              
064552141162431050651685000008208024285601800060239863               
99999                                                                
000010399055708024195320-000180800000001702463101080231              
141830441898436995018470000010808026285101300140255372               
99999                                                                
000010399055708024195320-000181400000001922463100960301              
224622362384452864523523000009608024284801500060233266               
99999                                                                
000010399056708024195320-000181200000001992463101090311              
062915670511445490906339000010908011288802400130249979               
99999                                                                
000010299056708024195320-000179000000001542463101800251              
092363272252445016790398000018008014288202500050243264               
99999                                                                
000010399056708024195320-000179400000001942463100880411              
136160477164446661333123000011908009287802600110227769               
144693855413447390288316000005808014287802600200229991               
99999                                                                
000010399056708024195320-000181200000001712463100850241              
235685909285461866188520000008808011287502700090229905               
245156719814463952128921000008208011287502700070229985               
99999                                                                
000010397057708024195320000000000000000000141170280097               
272793498098627956728536000028007871273101000050000086               
282130068286626486208070000017107874273101000070000051               
291238734604625184417685000018907876273101000090000075               
99999                                                                
000010399058708024195320-000168100000002922463101310261              
205146292581482664751241000013107974285105300160225269               
99999                                                                
000010399058708024195320-000181800000002052463101410231              
273556072046492352320004000017707981284204300070220358               
281950962032493997695214000010507981284204300210234182               
99999                                                                
000010397058708024195320000000000000000000141170041093               
311493590427604539347590000004107911276706100540000064               
317101254141603717752361000006807916276706100430000051               
99999                                                                
000010397058708024195320000000000000000000141170092099               
391816311733597908057730000009207906277205800140000075               
399280440067597875139410000015107911277205800120000070               
99999                                                                
000010399059708024195320-000178100000002262463102830331              
105728435061507334369513000042108019286102600030220048               
114432676601506278745613000027108024286102600060230055               
128181760904504835972283000021108024286102600080230059               
137142608932504050917972000023008024286102600110230046               
99999                                                                
000010399059708024195320-000172300000001832463100670311              
212840355135502788548093000005708029285102700350229984               
218424240357503091647575000004708024285102700320229971               
225892300962503582343168000009708026285102700130245068               
99999                                                                
000010299059708024195320-000175000000001742463100940301              
247336824898505317244105000009408029284702800190231787               
99999                                                                
000010399059708024195320-000180000000001592463100690321              
275939058326509301313138000007308024284602800520243975               
286012528787510933112140000006608024284602800230229969               
99999                                                                
000010397059708024195320000000000000000000141170086003               
327521625490579705013900000008607864281803800120000064               
334270935801578567450035000008707869281803800170000083               
340936629045577512113576000007907864281803800170000080               
99999                                                                
000010397059708024195320000000000000000000141170085002               
383467466373572482661194000008507864280904200210000081               
390574388411571943804043000009107864280904200160000068               
99999                                                                
000010297059708024195320000000000000000000141170157001               
415593765497569143672323000015707861280804200080000083               
425580225647568978102103000010407866280804200090000065               
99999                                                                
000010397059708024195320000000000000000000141170083000               
451445426421570994380764000008307869280504200180000075               
