99999                                                                
000010397310708024195320-000169300000002222463101740181              
060811201068507297946932000017408026283706100060249981               
99999                                                                
000010397313708024195320-000170500000002032463100850151              
023903434876425478267957000009207956288605200120229909               
031308802310424717865049000007807954288605200310229983               
99999                                                                
000010397313708024195320-000175600000001572463100830271              
072739053031422248767329000005807961287905300310229992               
080473234163422129461026000010907956287905300200229975               
99999                                                                
000010297313708024195320-000180800000001642463101040161              
093287453748421100883650000010407959287205500050249991               
99999                                                                
000010397313708024195320-000184200000001572463100710201              
139577823884424699679764000007107959286605800130229937               
147062908900425442512711000007207959286605800280229990               
99999                                                                
000010397313708024195320-000181400000002152463100880221              
205783593767434012261981000008807959286705600140229910               
99999                                                                
000010397315708024195320-000169500000002232463102170241              
025855752115395141122055000016607966277207900090230578               
039264271650392669763847000026907971277207900060240002               
99999                                                                
000010397315708024195320-000175600000001742463101350261              
087358979135386050268206000010707971276908100090241799               
100717265900384899268230000016407964276908100090231691               
99999                                                                
000010397315708024195320-000174700000001702463101270231              
204527585623386942227196000009507959281708100130223393               
212340418114387854830473000015907956281708100070221981               
99999                                                                
000010397315708024195320-000179600000001702463101100191              
276060961361398504051426000011007954279808300180233580               
99999                                                                
000010397322708024195320-000175000000001712463101650181              
406090463979525842699221000021908001280806700070220075               
417834186534527270272693000011108004280806700180241977               
99999                                                                
000010397322708024195320-000172500000002112463102250121              
480950394589538547453605000024408011279907700080220092               
488460424053540244554927000020708009279907700050220075               
99999                                                                
000010397323708024195320-000186600000001552463101160251              
436998917688563561100362000013908029281304600100222382               
443229484874564275392652000009308026281304600200224380               
99999                                                                
000010397323708024195320-000191300000001622463101250161              
513580897888576504045410000013208029285404000100220468               
519047190408577735992554000011908036285404000120220882               
99999                                                                
000010397325708024195320-000182800000001642463101190281              
506915641526624893260403000011907976282405500210242377               
99999                                                                
000010397326708024195320-000180400000001942463100900241              
421692999810642087500946000008507949283605000080229907               
438032582227640881187752000009607956283605000100259995               
99999                                                                
000010297326708024195320-000179800000001822463100930351              
453401367106639914063429000009307959283204800090246591               
99999                                                                
000010397327708024195320-000181400000002002463100830161              
392976458931660529581145000008507996281105000080249911               
403075960647658787220604000008207999281105000090229998               
99999                                                                
000010297327708024195320-000190100000001722463101040141              
425286292306654977083140000011207999281804900070239903               
440999962274653060536822000009708004281804900100249996               
99999                                                                
000010397327708024195320-000184800000001742463100960371              
461995077364651622356798000009608004281604900090239910               
99999                                                                
000010397328708024195320-000186000000002112463101030131              
442072363563659042257569000010308024285104100060229972               
99999                                                                
000010397328708024195320-000184600000001492463101470351              
565364251455652583046869000014708044288903500110221184               
99999                                                                
000010397329708024195320-000177800000002022463101000191              
467454709999653342831543000010008029286404300050259997               
99999                                                                
000010397329708024195320-000184800000001442463101710301              
544344720434645484724573000013808036289203900080220683               
550130110433645314986636000020508041289203900060220959               
