99999                                                                
000010396215708024195320000000000000000000141170116090               
409799135754398723389966000011608024293205200120000084               
416850222069399809972998000013908024293205200120000080               
99999                                                                
000010396234708024195320000000000000000000141170121087               
066876876817528280887551000012108036294006200050000078               
074970110015529057317054000008708031294006200140000038               
99999                                                                
000010396235708024195320000000000000000000141170080092               
074835552193492635640525000008008016294404900190000068               
081902448027493024602077000003908016294404901050000054               
99999                                                                
000010396235708024195320000000000000000000141170094097               
111571466478495504404650000009408024293005700190000060               
120210733354496467740675000005208029293005700520000055               
