99999                                                                
0000103990937845780153200016553000003001192764101711481              
809848620959680114233561000002408775282303200520223200               
99999                                                                
0000103990937845780153200016552500003001142764101791551              
822715451750678214699599000002208777282802800650222900               
99999                                                                
0000103990937845780153200016554000003001162764102041431              
837124526055676297356193000002508778282902800650222700               
99999                                                                
0000103990937845780153200016552600003001122764101751501              
844418566757675417931921000001808781282702800930224000               
99999                                                                
0000103990937845780153200016552800003001192764101931591              
851675865805674607141394000002008781282802700870223600               
99999                                                                
0000103990937845780153200016554500003001162764101641531              
859736529333673784499912000001808781282902700830223700               
99999                                                                
0000103990947845780153200016554500003001132764102201441              
022571503867671671347599000002608780282702800730222300               
99999                                                                
0000103990947845780153200016553800003001202764101941541              
030125372241671258158505000002408778282602800650221900               
99999                                                                
0000103990947845780153200016554000003001202764102061411              
036862005510670959325880000002408777282003000720222600               
99999                                                                
0000103990947845780153200016554500003001202764101951531              
043642629278670725711872000002608778282602800570221800               
99999                                                                
0000103990947845780153200016554000003001172764101911501              
050713788619670554582474000002508781282302900570221600               
99999                                                                
0000103990947845780153200016553800003001112764102311461              
064510207585670435715900000002808782282502800680222000               
99999                                                                
0000103990947845780153200016553200003001052764102101401              
089168253335670934685230000002308778282102900810222000               
99999                                                                
0000103990947845780153200016552500003001092764101521511              
094798521970671175879880000001108780281803001890226200               
99999                                                                
0000102990947845780153200016553000003001072764102131421              
103806964025670380451070000002108780281703100990222700               
99999                                                                
0000103990947845780153200016551200003000962764101521521              
111210468183672144100902000001008778282202902010227600               
99999                                                                
0000103990947845780153200016552600003001102764101571491              
125189370050673272873478000001508780282802701070224300               
99999                                                                
0000103990947845780153200016555400003001082764101561561              
139588325585674716502091000000708780282802703930229900               
99999                                                                
0000103990947845780153200016554700003001132764101391551              
153341556694676348502605000000808780281803002940229900               
99999                                                                
0000103990947845780153200016556400003001142764101531511              
167954529179678336483303000001008778281803002080229900               
99999                                                                
0000103990947845780153200016555200003001122764101721471              
181994943851680474170211000001408778281103201520227700               
99999                                                                
000010399094708024195320-000176600000002102463100480271              
300474510805666209628903000004807916280205100430249978               
99999                                                                
000010399094708024195320-000178700000001512463100870371              
385183526992666619207428000008707909280206500220261802               
99999                                                                
0000103990947845780153200016562100003001352764101841521              
845825314504683281840253000003608800283003400270220900               
99999                                                                
0000103990957845780153200016562600003001262764102221511              
004635003128680134420875000003008798283103100530221800               
99999                                                                
0000103990957845780153200016562900003001342764102151551              
010836188569679381626805000002908797283103200530222100               
99999                                                                
0000103990957845780153200016562200003001232764101871541              
037298474313676712471974000001908797282903200900223900               
99999                                                                
0000102990957845780153200016559400003001252764102341561              
045075976075674768805503000003508797283503200440220700               
99999                                                                
0000103990957845780153200016559800003001222764101501551              
061865561260675080140044000001108793283003701800227800               
99999                                                                
0000103990957845780153200016560900003001032764101661541              
083606037019674356848248000003508792283203700230221300               
99999                                                                
0000103990957845780153200016560400003001042764102191491              
092033604740674263156975000003008792282703900540222200               
99999                                                                
0000103990957845780153200016558400003000932764101681661              
111065040455674437738039000001508792283403901180225500               
99999                                                                
0000103990957845780153200016559300003001042764101711531              
127805576769675030764161000001708792282603900940224300               
99999                                                                
0000103990957845780153200016556700003001102764102191541              
141022436704675783782833000004008793282703900300221400               
99999                                                                
0000103990967845780153200016557800003001342764102131571              
036833128844676545053881000003808830282402800310221600               
99999                                                                
0000103990967845780153200016558100003001352764102301511              
043233749775675758653808000003108831282002900550223300               
99999                                                                
0000103990967845780153200016556900003001322764101811591              
058591432523674079750371000002408828282802700560224800               
99999                                                                
0000103990967845780153200016556700003001252764101801581              
071352058144672918434625000001708828283202601040227200               
99999                                                                
0000103990967845780153200016555300003001192764102011501              
086071590338671854364525000002108827283002700920225700               
99999                                                                
0000103990967845780153200016552700003001082764101811561              
129087328447670514176932000001208830283402402110229900               
99999                                                                
0000103990967845780153200016553900003001002764101891591              
141966401134670635374826000002408830283502300610224200               
99999                                                                
0000103990967845780153200016554300003001052764101911521              
150584282172670850225727000001108830283502302920229900               
99999                                                                
0000103990967845780153200016557000003001242764101911531              
165195613123671455812353000001308831283302401930229900               
99999                                                                
0000103990967845780153200016559200003001212764101711521              
178385206626672257105978000001308832283502401650229600               
99999                                                                
0000103990967845780153200016558800003001102764101991651              
185904199527672818807700000001708832283502301250225100               
99999                                                                
0000103990967845780153200016559800003001212764102111531              
191001918523673241797422000002608832283402300650223200               
99999                                                                
000010399096708024195320-000178200000001742463100950381              
310333659302667194868593000009907994284003400110239903               
321398136020665576455236000009207991284003400100229979               
99999                                                                
000010299096708024195320-000175800000001582463100620361              
383839591179658624794895000006207989283603600170229938               
99999                                                                
000010399096708024195320-000176800000001572463100580421              
400732711506659683176428000005607989283803600310229901               
408139758910659678690731000006007994283803600170229917               
99999                                                                
000010399096708024195320-000172900000001792463101100321              
476426168116663975110768000009808001284604200190223787               
484657564293664986734826000012308001284604200130221890               
99999                                                                
0000103990977845780153200016554200003001362764100381561              
123236415073659492470676000003808766282504100810222700               
99999                                                                
0000103990977845780153200016557100003001382764100241551              
136063168091658855188627000002408762282204101120224700               
99999                                                                
0000102990977845780153200016556300003001322764100481551              
142960183352657180151098000004808762281804100460221100               
99999                                                                
0000103990977845780153200016556300003001202764100271501              
149956552095658430754412000002708760282103900870225800               
99999                                                                
0000103990977845780153200016555500003001352764100331541              
167830889817658293392965000003308756282303400790223200               
99999                                                                
0000103990977845780153200016555500003001302764100431501              
180376806546658470063460000004308753283003200580221800               
99999                                                                
0000103991097845780153200016565800003001392764100531581              
556113884633377773418589000005308697282302300440221100               
99999                                                                
0000103991097845780153200016563800003001342764100311471              
594252697847381068106710000003108697282102201350221500               
99999                                                                
0000103991097845780153200016563500003001462764100271521              
608006537787382739230102000002708697281702501330221300               
99999                                                                
0000103991097845780153200016563100003001362764100361471              
628897780454385728425573000003608700281002501050221300               
99999                                                                
0000103991097845780153200016563200003001222764100401381              
654317377932390028803491000004008700279502900530222100               
99999                                                                
0000103991097845780153200016562900003001162764100351511              
671037400191393202665730000003508701279103100400229900               
99999                                                                
0000103991097845780153200016564200003001272764100661521              
684905521329396011737288000006608701278803200150226100               
99999                                                                
0000103991097845780153200016562400003001122764100411391              
709516285844401315282851000004108703278403300380229900               
99999                                                                
0000103991097845780153200016560200003001042764100441391              
727363668311405350476354000004408703278203400290229900               
99999                                                                
000010399113708024195320-000199900000001702463100790361              
067486633793485945130305000008607921296901500100229997               
080136067095486959135976000007307921296901500150259909               
99999                                                                
000010399113708024195320-000195300000002082463101190231              
124369792178492605143044000011907929296401500050239994               
99999                                                                
000010399116708024195320-000182200000001402463101790221              
045542779233587244547511000025907946293703500060220085               
055549090786586040172530000009907946293703500180235293               
99999                                                                
000010299116708024195320-000186600000001782463100990411              
091129848662582542928604000009907951291103600180243899               
99999                                                                
000010399116708024195320-000183800000001692463101530321              
113502320827582216326411000015307954289603300080207158               
99999                                                                
000010399116708024195320-000182600000001992463101690391              
118476640683582158316922000016907954289503400080221596               
99999                                                                
000010399117708024195320-000180800000001122463101520171              
134726805480607718824678000015407966289204100100230082               
151524248076607455746704000015007966289204100120220269               
99999                                                                
0000103991177845780153200016554400003001402764100271441              
683894432167633346754160000002708716278007401240221500               
99999
0000103991177845780153200016554400003001472764100251001
690789616717632578362743000002508717277907401320221600
99999                                                                
0000103991177845780153200016555500003001252764100271491              
697370002910631899505489000002708717278007301330221600               
99999                                                                
0000103991177845780153200016556800003001532764100351531              
712664767830630537354723000003508718278007401030220200               
99999                                                                
0000103991177845780153200016556600003001482764100351551              
728489506756629463005593000003508722277907401060220600               
99999                                                                
0000103991177845780153200016555900003001412764100321471              
737582926581629007136954000003208723277707401260221100               
99999                                                                
0000103991177845780153200016556500003001072764100171491              
758566428232628422923904000001708725278207302340222700               
99999                                                                
0000102991177845780153200016555100003001142764100441411              
771964082591627631214698000004408726278007100810220400               
99999                                                                
0000103991177845780153200016555700003000952764100221521              
778921212714628497094434000002208726278307201640222000               
99999                                                                
0000103991177845780153200016555200003001132764100211371              
792659636658628908974050000002108725277807101970222400               
99999                                                                
0000102991177845780153200016555000003001162764100311381              
799697021796628455717756000003108723278007101220221100               
99999                                                                
0000103991177845780153200016557400003001172764100241481              
815342420597630224249781000002408723278307001640221400               
99999                                                                
0000103991177845780153200016557500003001282764100191551              
830341667187631519862641000001908722277807202340222500               
99999                                                                
0000103991177845780153200016558900003001282764100211531              
844005040895632984880674000002108722278007202160222100               
99999                                                                
0000103991177845780153200016558500003001152764100201441              
859799013395635001747607000002008715278106602190222200               
99999                                                                
0000103991187845780153200016558100003001252764100271491              
003853426580636157474249000002708717277906401300221300               
99999                                                                
0000102991187845780153200016557700003001252764100431511              
011659592821636556092800000004308715278306200800220300               
99999                                                                
0000103991187845780153200016557300003001362764100371531              
019074595928638561928756000003708713278006100940221200               
99999                                                                
0000103991187845780153200016558300003001152764100441491              
026121608950639767270940000004408720278105900730220800               
99999                                                                
000010399119708024195320-000194600000001462463101500271              
100010492183655940248998000015107931293602000130240663               
116465274578653240413699000014907931293602000070220681               
