99999                                                                
000010396336708024195320000000000000000000141170152094               
300577629845660979054648000015207976273308300100000084               
315576001801658256179739000008107976273308300120000072               
99999                                                                
000010396336708024195320000000000000000000141170072095               
371283126839650915407863000007207971273108800130000073               
384962828490649873583352000009607969273108800130000005               
99999                                                                
000010396336708024195320000000000000000000141170116094               
439849648900649024147208000011607969273108300040000078               
454016411283649682657728000010107974273108300090000071               
99999                                                                
000010396337708024195320000000000000000000141170051093               
329525164325657770780880000005107959281602200280000077               
338241823234656080872052000003707956281602200390000062               
99999                                                                
000010296337708024195320000000000000000000141170055096               
362718932467651523184754000005507949281103000240000069               
99999                                                                
000010396337708024195320000000000000000000141170048099               
377314766328649784913073000004807949281603100340000087               
383438149661649007616795000009807949281603100080000091               
99999                                                                
000010396337708024195320000000000000000000141170116095               
448270447971644728425104000011607951280404200050000059               
99999                                                                
000010396352708024195320000000000000000000141170069099               
130996493900447584263566000006907931280204100070000072               
99999                                                                
000010396354708024195320000000000000000000141170063095               
114808059876480910071959000006307986273104700100000074               
125581904037481941380675000015507989273104700060000075               
99999                                                                
000010396354708024195320000000000000000000141170127096               
190985654479492272458151000012707986273103600060000085               
202576082189494743056370000016507989273103600030000072               
99999                                                                
000010396355708024195320000000000000000000141170059001               
039859729311504954569188000005907964275602900220000096               
045813333651504400760244000008007966275602900200000047               
99999                                                                
000010296355708024195320000000000000000000141170141092               
072316177844502758123084000014107969274003100080000057               
082167154389502409417052000007807969274003100070000063               
99999                                                                
000010396355708024195320000000000000000000141170069002               
109564307594502255226881000006907969273603400200000072               
116026534391502441465319000006907971273603400230000054               
99999                                                                
000010396355708024195320000000000000000000141170150093               
172605760922507242276420000015007979273104100100000045               
186289591381509217811889000019707979273104100090000096               
99999                                                                
000010296355708024195320000000000000000000141170180095               
209589501998513294340161000018007979273104100130000067               
