99999                                                                
000010399246708024195320-000169600000001972463101921431              
419052342925418803596370000019207991291607100080269998               
99999                                                                
000010399248708024195320-000178600000001872463103771491              
434248498499438491340879000017908001292305800040229909               
443865594226436962573254000050307999292305800050239913               
99999                                                                
000010399263708024195320-000174800000001262463106295411              
200111187372620626725921000062908014294303200090250252               
99999                                                                
000010399266708024195320-000183600000001672463103604381              
150016007924512554413781000028708026288906000050230057               
160899046643511569488378000042108024288906000130241288               
