99999                                                                
000010398305708024195320-000184400000001702463101670251              
264053273788391663363648000014807956280909400060221096               
278106528980393930397419000018707961280909400090240103               
99999                                                                
000010398311708024195320-000187200000001592463101910271              
275936571923397963491924000020207969283809900060230414               
289575366409396959456565000018007971283809900100240116               
99999                                                                
000010398311708024195320-000179400000001732463101100171              
372377104621397398125549000008307974283808000170226194               
381098886764398125071215000013807974283808000100223088               
99999                                                                
000010098311708024195320-000184600000001612463101410131              
392901507540399129061614000014107981283807900090250080               
99999                                                                
000010398311708024195320-000179800000001482463101830331              
464482911700411164983998000018307989282707800090230709               
475616149439413635270054000018307989282707800080220999               
99999                                                                
000010398312708024195320-000175800000001682463101810301              
276827132636442121436135000025708016285605200060220157               
289998741724440593911258000010608016285605200100244385               
99999                                                                
000010398312708024195320-000179000000001782463101190281              
371315804560436787074956000013108009286004900060231375               
387993703756437346712450000010808009286004900090243187               
99999                                                                
000010098312708024195320-000181600000001602463101020071              
458523643059444587582870000010208009284806000060259086               
99999                                                                
000010398315708024195320-000182400000001972463101520271              
355962280459571892037657000012208016283505600080229997               
363965402016570692191779000018208016283505600080229993               
99999                                                                
000010098315708024195320-000170500000002002463101510061              
378470898235567946351225000015108016282306200030249991               
99999                                                                
000010298315708024195320-000176200000001972463100600251              
392801136610567018521347000006008016281906300220249967               
99999                                                                
000010398315708024195320-000181600000001942463100550271              
422786159830564469089040000005508019281806800400239998               
99999                                                                
000010098315708024195320-000181400000001892463101070241              
434382808392563114753142000010708019282406500080239980               
99999                                                                
000010398315708024195320-000182200000001832463100690271              
463555267683563348084286000006908019282406900260239912               
99999                                                                
000010398315708024195320-000181400000001692463102040231              
584114120056576900017919000014408029286106300120230861               
593473167840578905648364000026508029286106300070220798               
99999                                                                
000010398316708024195320-000182600000001962463101620301              
370358435200609220950649000016208001283408600030239967               
99999                                                                
000010298316708024195320-000180400000001892463101670321              
573107347607603241054105000016708016288607100080232259               
99999                                                                
000010398318708024195320-000177000000001812463101800241              
508888027581647366445604000017907989282709500060230009               
523953129199646407767991000018107989282709500100240310               
99999                                                                
000010398319708024195320-000178400000001742463100990411              
459195666369672249653273000009908016283506000060259913               
99999                                                                
000010398319708024195320-000175800000001702463102070291              
525322720875662418693243000020708019288604600120250275               
99999                                                                
000010398327708024195320-000172300000001832463101030191              
005222155338613484461852000010308016290203400050239955               
99999                                                                
000010398328708024195320-000175200000002072463101180251              
032389054387586917787720000011808051286804600080239908               
99999                                                                
000010398329708024195320-000171500000002052463101030171              
006660773987552686850030000010308009291004900090249986               
99999                                                                
000010398329708024195320-000176600000001672463101460371              
062512088961556183316609000012308016289405400080229984               
068430147423556833188612000017008014289405400070229980               
99999                                                                
000010398330708024195320-000182400000001702463101590221              
010094746403518494002074000015908029286605100050239972               
99999                                                                
000010398332708024195320-000183200000001712463101190201              
101713152527443200821370000013108024287706200110225536               
115488181760443655463783000010708021287706200120246579               
