99999                                                                
0000103992787845780153200016422800003001672764103901001
113945580218508871319929000039008675277002400090222800
99999
0000103992787845780153200016423900003001812764102201521              
118426000954508092232747000022008677277202300110225500               
99999                                                                
0000103992787845780153200016425600003001732764100921591              
155930944555501989639022000009208683278102000050229900               
99999                                                                
0000103992787845780153200016428600003001772764102311611              
168119470446500219128466000023108687278102000190226800               
99999                                                                
0000103992787845780153200016428300003001732764103071581              
174672766478499320626564000030708687277202100200224800               
99999                                                                
0000103992787845780153200016427500003001772764102851681              
188277373804497586857276000028508691278102000190225700               
99999                                                                
0000103992787845780153200016433100003001912764101991611              
194079511832496905241588000019908692277702000200223700               
99999                                                                
0000103992797845780153200016426600003001632764103221561              
186705343726526125888747000032208747278203100240224900               
99999                                                                
000010399288708024195320-000178400000002052463104385441              
819416174438660363155647000043807964298501300080241092               
99999                                                                
000010399293708024195320-000186300000001732463103473391              
089957131400545506712728000025908069280305400070223276               
096133007306545098075689000041808069280005500050220473               
99999                                                                
000010399294708024195320-000184900000001392463105324431              
095768174753504782308647000045208056286503300060220184               
108963132689503402485467000060308056286103400070240372               
99999                                                                
000010399295708024195320-000185500000001652463105184441              
093171339454466340041337000047008051288102700090220662               
099100668472465362106833000056308049288102700110230776               
99999                                                                
000010399295708024195320-000178600000001822463105614441              
177713320291458160171957000056508044286103100090240065               
189410228003458042782509000055908051286103100090230565               
99999                                                                
000010399297708024195320-000171500000002132463104104261              
111492664458402230862448000041108056288002600150240764               
99999
0000103993017845780153200016438800003002322764103571001
133151236649373452050640000035708840289802100810221400
99999
0000103993027845780153200016435300003002262764103371001
192124269805396143556130000033708832289902000760221900
99999
0000103993047845780153200016420800003001422764103351001
102284622915450697148329000033508778283704600390221900
