99999                                                                
000010398003708024195320-000183000000001712463102510101              
039424860948426457709596000025107989288003900030241002               
99999                                                                
000010398004708024195320-000187000000001582463101100141              
064935284184424434134983000011007956284905800030249995               
99999                                                                
000010398005708024195320-000187700000001902463101170251              
044024933367422324820339000015707951283906500080229985               
059169516284423380175106000007707949283906500170259905               
99999                                                                
000010398007708024195320-000184600000001712463103110181              
066334407490437612347257000013807949277407900040224187               
072919317838437592049594000048507944277407900030220003               
99999                                                                
000010398008708024195320-000187700000001782463101210291              
042095127831453264024233000013107929273708900110221560               
055764700298452036887569000011107934273708900040250089               
99999                                                                
000010398008708024195320-000190300000001682463101320201              
110688827827450318763439000013207936273408700140242389               
99999                                                                
000010398008708024195320-000192300000001622463100860241              
196538975872458156330199000006307929273307600190227918               
205364902191459628558152000011007934273307600130226978               
99999                                                                
000010398008708024195320-000195100000001402463101590221              
261692103016471296015368000011507924273307100100224252               
269025383279473049294290000020307926273307100060222174               
99999                                                                
000010398017708024195320-000198700000001862463100970421              
364665713287643096103447000011908001281306800120222668               
372221566960643017914665000007507999281306800090226599               
99999                                                                
000010398017708024195320-000202500000002102463100790141              
419451370738644898575783000007908001281607000150236597               
99999                                                                
000010398018708024195320-000185200000001682463101040231              
307478590552660072963727000010407994282906200150233390               
99999                                                                
000010398018708024195320-000197100000002032463101190211              
450408538789653789301064000008607996281007000190229908               
459225288086654596585971000015307996281007000130226102               
99999                                                                
000010398019708024195320-000198500000001752463100800321              
350202592023658806650501000007407989279906200200229986               
358189259935657682943635000008707989279906200110229938               
99999                                                                
000010098019708024195320-000188700000001662463101090321              
369941795534655772078929000010907986279906100030219930               
99999                                                                
000010398019708024195320-000191100000001722463100730201              
418327293544652657273333000009207986280006100090229993               
430024801014652429490405000005507981280006100180249962               
99999                                                                
000010398019708024195320-000195700000001462463100400251              
499840945648656218625791000004007986279806200350229926               
99999                                                                
000010298019708024195320-000193700000001422463101010161              
509396174083656247745428000010107986280206200290243693               
