99999                                                                
000010397286708024195320000000000000000000141190138005               
059877368183380557993374000013807956284804500080000006               
071259095826378656830100000011807956284804500110000071               
99999                                                                
000010397286708024195320000000000000000000141190104098               
140304730892371711876932000010407979282904600140000069               
146280548443371506746364000010207979282904600170000075               
99999                                                                
000010397286708024195320000000000000000000141190156005               
235330466990375923927687000015607989281904300060000096               
248515100902377671735981000011007991281904300130000060               
99999                                                                
000010397292708024195320-000197300000001482463101320291              
22706245441744956113204400001420799428810270013024-260               
237372882097448158139214000012207994288102700070221082               
99999                                                                
000010397292708024195320-000197700000001572463101010291              
261304136361445422415178000011507991287702700250241972               
269452421047444671934367000008807991287702700170225197               
99999                                                                
000010397292708024195320-000203200000001492463101080201              
308469808475442497208884000011507994287502500110223197               
317369720611442350245825000010207991287502500110234362               
99999                                                                
000010397292708024195320-000205200000001612463100550171              
366825738334444030786620000005507989286802700300238397               
99999                                                                
000010397292708024195320-000175400000001942463101770361              
42384996299445116253347200002480799928640290004022-400               
436205970003453385375081000010707996286402900180242987               
99999                                                                
000010397293708024195320-000179400000001852463101360361              
30324518199448684578176000002130800928890260006024-585               
316815209565485873309973000006008011288902600240239593               
99999                                                                
000010397293708024195320-000179400000001752463100640351              
373305501425485021009870000006408006289203000230239958               
99999                                                                
000010397293708024195320-000178600000002282463101240321              
443341344230491527517829000012408016288702700160271977               
99999                                                                
000010397293708024195320-000182200000001592463101790361              
483424128914498780712918000021608019288902800130221087               
490433200598500277226108000014308019288902800080221366               
99999                                                                
000010397294708024195320-000180200000001762463101050231              
449989797946530544228138000010508014286606300050219906               
99999                                                                
000010397296708024195320-000173300000001942463100740331              
385286838046604008033414000007407941282509200260249986               
99999                                                                
000010397296708024195320-000179200000002272463101180341              
425277412775600702091415000008807936282109000200249977               
436449434332600236601416000014907936282109000080229975               
99999                                                                
000010397299708024195320-000167300000001912463101590401              
461444934622661723114241000015907981274807000050279987               
99999                                                                
000010397300708024195320-000173900000001882463102770331              
466821409123668881842202000027708006278305400040223273               
