99999                                                                
000010397339708024195320-000181000000001912463100850261              
033537096388464065697774000008507976281605000120239910               
99999                                                                
000010397339708024195320-000183400000002292463101030251              
089909886898471926111588000010307984280505300100249915               
99999                                                                
000010397340708024195320-000189100000002032463102520171              
041289111523446236297566000025207984284003600050252879               
99999                                                                
000010397345708024195320-000188500000001372463101350311              
043398133447425213931197000013807956273108800080230178               
054758682466423363964205000013207956273108800060226288               
99999                                                                
000010397351708024195320-000183800000001722463101530251              
227122320828572416220480000016008016279405000110240441               
239261499819570652789507000014708011279405000110220281               
99999                                                                
000010397351708024195320-000189500000001862463101240311              
312845077667564384594227000012508004279104400150232176               
321313133527564219369205000012408004279104400160243452               
99999                                                                
000010397351708024195320-000187400000001642463301240261              
431431322658573378910677000008408004278804200250233176               
441462549098575194237904000016408006278804200120221480               
99999                                                                
000010397351708024195320-000188900000001662463101240321              
431626509549573412846475000008408004278804200260233283               
441239015969575152228029000016508006278804200130221572               
99999                                                                
000010397352708024195320-000186800000001662463102350331              
272498450441600779261892000028207981281003300060220071               
288389935676598744009059000018907979281003300090260018               
99999                                                                
000010397352708024195320-000186600000002072463101230231              
477775172966606473390106000012307976281502600240223691               
99999                                                                
000010397353708024195320-000190700000001602463101170211              
268323722973632113260926000011407961282303300120224561               
279348791769630144235835000012107964282303300060222685               
99999                                                                
000010397353708024195320-000189300000001632463100760321              
343638951987621757601060000005707956282603200180239901               
351091563303621187274919000009507956282603200090239992               
99999                                                                
000010297353708024195320-000192300000001462463101890311              
364861296476620169312154000023607951283302900060230073               
376042014649619749890774000014307954283302900140231593               
99999                                                                
000010397353708024195320-000194500000001652463101750321              
461104862904624138081029000021907954281802900080221675               
469849158422625284736164000013207954281802900090234500               
99999                                                                
000010397356708024195320-000180400000001612463100680261              
396090209807656145730771000006807904278209100070249999               
99999                                                                
000010397356708024195320-000184000000001822463101030191              
462243397372649644646911000010307909278309300050269904               
