99999                                                                
000010397165708024195320000000000000000000141170085000               
078318066197635206139684000008507966297503700160000090               
087677191803635481771868000007107966297503700200000092               
99999                                                                
000010397165708024195320000000000000000000141170103091               
127363408056638365106975000010307974296504100080000070               
136587742546639412392147000012407976296504100100000073               
99999                                                                
000010397168708024195320000000000000000000141170163000               
047308249145571857349127000016307971295403800040000075               
058265050983569872016166000016307971295403800080000081               
99999                                                                
000010397168708024195320000000000000000000141170068004               
096968516758564365199102000006807981292103800210000088               
106732100356563372271913000007707981292103800140000052               
99999                                                                
000010397168708024195320000000000000000000141170143098               
150197085198561002525269000014307986290804100120000062               
160957735441560938328809000010607986290804100160000081               
99999                                                                
000010297168708024195320000000000000000000141170385005               
214432460017562080419482000038507984290304100040000050               
220194938173562639874825000009207984290304100040000076               
99999                                                                
000010397169708024195320000000000000000000141170168006               
100074463312534863839678000016807999294403600070000085               
99999                                                                
000010397169708024195320000000000000000000141170078006               
125408173731531476141115000007808009293603600220000046               
137988257290530192444585000009008009293603600150000072               
99999                                                                
000010397169708024195320000000000000000000141170151098               
210109638377528181662218000015108009292604500150000055               
99999                                                                
000010397169708024195320000000000000000000141170200093               
263579075862532341497586000020008004291605000040000058               
274702194540533734481034000021908009291605000070000049               
99999                                                                
000010397174708024195320000000000000000000141170253097               
392388303837410018148470000025307996291208100070000066               
99999                                                                
000010397175708024195320000000000000000000141170061095               
410596347872405145409966000006107996290506500310000078               
99999                                                                
000010397176708024195320000000000000000000141170045098               
427417661644407226639443000004508001290807900540000064               
99999                                                                
000010397179708024195320000000000000000000141170139005               
440487874077446076494012000013908009291907100020000068               
444367209810445775473056000013708014292107100020000053               
