99999                                                                
0000103992137845780153200016398400003001562764100441001
840567741113499774933328000004408757287705400600222100
99999
0000103992137845780153200016398900003001592764100351611              
847340951615498367235216000003508756287005700780222600               
99999                                                                
0000100992137845780153200016400500003001602764100831331              
855037901610497428125105000008308756287605400150221400               
99999                                                                
000010399216708024195320-000205500000001872463101821281              
340018530353441366157749000018208036291107200030219966               
99999                                                                
000010399217708024195320-000209700000001712463101241241              
422870171517416343998567000012408019291107200040259986               
99999                                                                
0000103992187845780153200016394300003001602764100611471              
104124762480421750646561000006108747289706700160227100               
99999                                                                
0000103992187845780153200016395900003001432764100671611              
115193762542419725914991000006708747289706500190226900               
99999
0000103992197845780153200016400000003001922764100411001
113547829171417102921019000004108711290403800320229900
99999                                                                
0000103992197845780153200016400500003001962764100721491              
118527979496416136991907000007208708290004000140224700               
99999                                                                
0000103992197845780153200016401800003001922764100741511              
126772830536414572592870000007408708289504200120223400               
99999                                                                
0000103992297845780153200016543100003001622764100651491              
700088754032650999007896000006508691290302600120223100               
99999                                                                
000010099230708024195320-000190500000002102463102682171              
058658749129641980338695000026908039296403700130238415               
99999                                                                
000010399230708024195320-000186900000001952463100381351              
080186780359645986633272000003908044295604000050219996               
99999                                                                
000010399232708024195320-000176900000001572463101991421              
080726256978659077323110000022408031295804500320229984               
088530351440659496503184000017108036295804500350229990               
99999                                                                
000010299232708024195320-000177800000001522463101295331              
107575480526659756266108000013008036295304500030269989               
99999                                                                
000010399232708024195320-000177100000001602463102241181              
159876216729667828579595000022408041294905000100239914               
99999                                                                
000010399232708024195320-000171400000001382463106155281              
839263094028664722119196000041408036300802500060240266               
850991955934662736924019000076508036300802500060230086               
99999                                                                
000010399233708024195320-000175900000001562463102581371              
071028578169654524489169000015808036297502800380249916               
083047461466654305548746000032908039297502800460249907               
99999                                                                
000010299233708024195320-000173300000001702463103874301              
110109996800653519118743000038708044296403300070244782               
99999                                                                
000010399233708024195320-000172400000001492463101611241              
120374546159655207512716000018908041296103500070229980               
127982245461655679363962000012908041296103500170229999               
99999                                                                
000010399233708024195320-000177600000002432463102291311              
177246807402660919707490000022908046295303800130229993               
