0000103093397080241953200000091300000001702464405534272              
425680109694380587120053000025507951273702100060230164               
0000103093397080241953200000091300000001702464403724262              
426329112367380670474352000017607951273702100050230063               
0000103093407080241953200000093900000001562464404214252              
394485180232387919920535000048307906280902900080230090               
0000100093407080241953200000089400000001342464402932232              
416335768947388840745613000029307902281103000150240079               
0000103093407080241953200000087500000001532464403903252              
430232119953390146289325000039007906281502600120230060               
0000103093617080241953200000086000000001752464402683302              
059074676452506496101847000031707964276204100070230077               
