0000103093437845780153200007147700003000422764102361401              
117268595413459167589599000023608726275805600500229900               
0000103093437845780153200007148600003000372764102401391              
126755368897458359594840000024008726275906000440228000               
0000100093437845780153200007146800003000362764102481431              
134562775079457699342705000024808725275306300090224900               
0000103093437845780153200007147500003000412764102601341              
142286204580457296726855000026008725275406100450229900               
0000103093437845780153200007148100003000392764102641421              
155408133361456662354265000026408725275506100260226800               
0000103093437845780153200007147300003000452764102611371              
169151622997456267667615000026108727275306100130224400               
0000103093437845780153200007147100003000442764102121301              
177269484416456167509858000021208726275206300400229900               
0000100093437845780153200007147400003000392764101661421              
182877230978456096266056000016608729275106300090227000               
0000103093437845780153200007146900003000402764102291411              
192360562473456248603919000022908729275406300600229900               
0000103093437845780153200007147500003000432764102451391              
209351786582456760261731000024508733275306000560229900               
0000103093437845780153200007147800003000452764103571481              
219905607640457302621700000035708734275405500200224200               
0000103093447845780153200007147900003000442764102891531              
143231168178488385826592000028908786278502600280224000               
0000103093447845780153200007147600003000452764103461451              
166468552683486585651930000034608786279002800190222000               
0000103093447845780153200007146600003000442764102961471              
200523284182485306041221000029608785279002100170222200               
